timestamp,quality,angle_deg,distance_mm
1785156761.7683089,15,351.96875,7345.0
1785156761.7683089,15,355.25,6975.75
1785156761.7683089,15,356.890625,6961.5
1785156761.7683089,15,358.53125,6942.0
1785156761.7683089,15,0.171875,6923.75
1785156761.7683089,15,1.8125,6942.25
1785156761.7683089,15,5.09375,6721.5
1785156761.7683089,15,12.484375,366.0
1785156761.7683089,15,14.046875,360.75
1785156761.7683089,15,15.8125,357.25
1785156761.7683089,15,16.953125,355.5
1785156761.7683089,15,19.015625,357.0
1785156761.7683089,15,46.59375,107.75
1785156761.7683089,15,48.1875,105.5
1785156761.7683089,15,162.03125,10514.0
1785156761.7683089,15,163.65625,10448.0
1785156761.7683089,15,222.9375,3153.75
1785156761.7683089,12,224.578125,3072.5
1785156761.7683089,15,227.875,2891.5
1785156761.7683089,13,232.796875,2660.25
1785156761.7683089,6,234.46875,2608.75
1785156761.7683089,15,236.109375,2559.5
1785156761.7683089,15,237.765625,2516.25
1785156761.7683089,9,239.390625,2464.5
1785156761.7683089,12,241.078125,2418.75
1785156761.7683089,13,306.546875,2439.25
1785156761.7683089,10,308.1875,2461.5
1785156761.7683089,15,309.8125,2498.0
1785156761.7683089,8,311.4375,2552.5
1785156761.7683089,14,313.078125,2613.5
1785156761.7683089,15,314.703125,2679.25
1785156761.7683089,10,316.34375,2739.75
1785156761.7683089,13,319.609375,2910.5
1785156761.7683089,12,321.234375,2992.5
1785156761.7683089,8,322.875,3070.0
1785156761.7683089,15,324.5,3146.0
1785156761.7683089,15,326.125,3225.25
1785156763.3418815,15,356.390625,6956.25
1785156763.3418815,15,358.03125,6930.5
1785156763.3418815,15,359.671875,6918.25
1785156763.3418815,15,1.328125,6909.25
1785156763.3418815,15,2.953125,6816.0
1785156763.3418815,15,4.609375,6707.0
1785156763.3418815,15,6.234375,6694.5
1785156763.3418815,15,16.578125,365.5
1785156763.3418815,15,18.453125,364.5
1785156763.3418815,15,20.1875,363.25
1785156763.3418815,15,48.59375,106.0
1785156763.3418815,15,161.546875,10618.0
1785156763.3418815,15,163.1875,10459.75
1785156763.3418815,9,179.546875,10267.5
1785156763.3418815,15,224.125,3082.0
1785156763.3418815,15,225.78125,3010.0
1785156763.3418815,12,232.359375,2653.75
1785156763.3418815,15,233.984375,2621.25
1785156763.3418815,6,235.65625,2567.75
1785156763.3418815,15,237.296875,2515.5
1785156763.3418815,6,238.9375,2471.75
1785156763.3418815,13,240.59375,2425.25
1785156763.3418815,8,299.578125,2276.0
1785156763.3418815,11,304.484375,2402.0
1785156763.3418815,15,306.109375,2427.5
1785156763.3418815,12,307.78125,2458.5
1785156763.3418815,14,309.40625,2497.25
1785156763.3418815,11,311.015625,2545.25
1785156763.3418815,15,312.65625,2602.5
1785156763.3418815,10,314.265625,2659.75
1785156763.3418815,14,315.890625,2723.25
1785156763.3418815,15,317.53125,2803.0
1785156763.3418815,11,319.15625,2874.75
1785156763.3418815,9,322.421875,3049.75
1785156763.3418815,9,325.671875,3197.25
1785156763.5688775,15,355.125,6942.75
1785156763.5688775,15,356.765625,6920.0
1785156763.5688775,15,358.390625,6912.75
1785156763.5688775,15,0.046875,6933.25
1785156763.5688775,15,1.671875,6938.25
1785156763.5688775,15,4.953125,6667.0
1785156763.5688775,15,6.609375,6697.25
1785156763.5688775,15,15.328125,370.0
1785156763.5688775,15,16.84375,364.75
1785156763.5688775,15,18.875,363.5
1785156763.5688775,15,20.578125,362.75
1785156763.5688775,15,45.40625,107.75
1785156763.5688775,15,48.28125,105.75
1785156763.5688775,15,161.9375,10574.5
1785156763.5688775,15,163.578125,10495.75
1785156763.5688775,15,222.875,3160.25
1785156763.5688775,13,224.484375,3073.0
1785156763.5688775,15,227.765625,2890.75
1785156763.5688775,15,229.40625,2819.0
1785156763.5688775,11,232.71875,2659.0
1785156763.5688775,15,234.359375,2608.25
1785156763.5688775,11,236.015625,2549.75
1785156763.5688775,3,237.640625,2495.0
1785156763.5688775,5,239.296875,2456.0
1785156763.5688775,12,240.9375,2417.5
1785156763.5688775,8,245.859375,2295.75
1785156763.5688775,11,267.171875,2043.75
1785156763.5688775,13,306.390625,2434.25
1785156763.5688775,10,308.03125,2459.75
1785156763.5688775,15,309.65625,2495.0
1785156763.5688775,9,311.28125,2540.75
1785156763.5688775,11,312.9375,2601.5
1785156763.5688775,15,314.53125,2667.25
1785156763.5688775,13,316.171875,2729.0
1785156763.5688775,12,319.421875,2890.25
1785156763.5688775,7,322.6875,3061.0
1785156763.5688775,11,324.3125,3138.75
1785156763.5688775,15,325.953125,3223.0
1785156763.9059567,15,352.5,7329.5
1785156763.9059567,15,355.78125,6970.5
1785156763.9059567,15,357.4375,6958.75
1785156763.9059567,15,359.078125,6969.75
1785156763.9059567,15,0.703125,6941.5
1785156763.9059567,15,2.359375,6859.75
1785156763.9059567,15,4.0,6733.75
1785156763.9059567,15,5.640625,6673.5
1785156763.9059567,15,7.28125,6751.75
1785156763.9059567,15,15.796875,366.25
1785156763.9059567,15,17.953125,364.5
1785156763.9059567,15,19.359375,362.5
1785156763.9059567,15,20.859375,362.75
1785156763.9059567,15,47.203125,106.75
1785156763.9059567,15,50.75,101.75
1785156763.9059567,15,162.640625,10508.5
1785156763.9059567,15,225.171875,3014.25
1785156763.9059567,15,228.515625,2822.25
1785156763.9059567,6,231.8125,2668.75
1785156763.9059567,15,233.4375,2639.25
1785156763.9059567,9,235.109375,2585.5
1785156763.9059567,13,236.765625,2533.5
1785156763.9059567,5,238.390625,2484.0
1785156763.9059567,9,240.046875,2432.5
1785156763.9059567,15,267.96875,2045.0
1785156763.9059567,15,305.578125,2415.5
1785156763.9059567,11,307.234375,2449.25
1785156763.9059567,12,308.828125,2490.0
1785156763.9059567,11,310.484375,2534.75
1785156763.9059567,13,312.09375,2581.0
1785156763.9059567,12,313.75,2637.25
1785156763.9059567,15,316.984375,2780.25
1785156763.9059567,11,318.640625,2851.0
1785156763.9059567,15,320.25,2935.0
1785156763.9059567,10,321.875,3014.75
1785156763.9059567,15,323.546875,3096.75
1785156763.9059567,11,325.1875,3172.25
1785156763.9059567,15,328.421875,3388.5
1785156763.9059567,10,336.578125,4148.25
1785156764.1293378,15,356.40625,6987.0
1785156764.1293378,15,358.0625,6961.25
1785156764.1293378,15,359.6875,6918.25
1785156764.1293378,15,1.34375,6908.75
1785156764.1293378,15,2.984375,6811.5
1785156764.1293378,15,4.625,6701.0
1785156764.1293378,15,6.265625,6674.25
1785156764.1293378,15,7.90625,6669.5
1785156764.1293378,15,9.546875,6701.75
1785156764.1293378,15,11.125,6767.0
1785156764.1293378,15,19.265625,425.75
1785156764.1293378,15,47.6875,106.0
1785156764.1293378,15,161.5625,10614.0
1785156764.1293378,15,163.203125,10459.0
1785156764.1293378,14,224.15625,3073.0
1785156764.1293378,9,225.828125,3001.5
1785156764.1293378,10,227.4375,2918.25
1785156764.1293378,12,232.390625,2654.0
1785156764.1293378,15,234.03125,2619.5
1785156764.1293378,6,235.703125,2567.0
1785156764.1293378,15,237.328125,2518.0
1785156764.1293378,7,239.0,2473.0
1785156764.1293378,13,240.609375,2431.25
1785156764.1293378,15,266.890625,2043.75
1785156764.1293378,15,306.171875,2435.0
1785156764.1293378,12,307.8125,2460.0
1785156764.1293378,15,309.453125,2496.5
1785156764.1293378,10,311.0625,2544.0
1785156764.1293378,15,312.703125,2601.0
1785156764.1293378,10,314.34375,2657.75
1785156764.1293378,14,315.9375,2722.5
1785156764.1293378,15,317.59375,2800.0
1785156764.1293378,12,319.203125,2880.75
1785156764.1293378,9,322.484375,3052.25
1785156764.1293378,9,325.75,3197.75
1785156764.3544326,15,352.078125,7310.75
1785156764.3544326,15,355.359375,6986.0
1785156764.3544326,15,357.0,6966.25
1785156764.3544326,15,358.65625,6948.5
1785156764.3544326,15,0.296875,6929.75
1785156764.3544326,15,1.9375,6956.25
1785156764.3544326,15,5.234375,6668.75
1785156764.3544326,15,6.875,6675.25
1785156764.3544326,15,8.515625,6692.0
1785156764.3544326,15,10.15625,6701.75
1785156764.3544326,15,11.765625,6711.5
1785156764.3544326,15,13.40625,6741.25
1785156764.3544326,15,15.046875,6810.25
1785156764.3544326,15,20.6875,550.75
1785156764.3544326,15,22.46875,545.75
1785156764.3544326,15,23.984375,552.25
1785156764.3544326,15,47.34375,107.5
1785156764.3544326,15,49.03125,105.25
1785156764.3544326,15,162.21875,10478.0
1785156764.3544326,11,224.796875,3052.0
1785156764.3544326,15,229.75,2798.5
1785156764.3544326,15,231.390625,2728.5
1785156764.3544326,13,233.046875,2661.25
1785156764.3544326,15,234.65625,2598.0
1785156764.3544326,15,236.34375,2541.75
1785156764.3544326,6,238.0,2489.5
1785156764.3544326,4,239.59375,2444.25
1785156764.3544326,8,241.28125,2412.5
1785156764.3544326,9,246.203125,2290.5
1785156764.3544326,15,267.546875,2041.25
1785156764.3544326,13,305.140625,2413.5
1785156764.3544326,15,306.796875,2442.0
1785156764.3544326,15,308.453125,2471.0
1785156764.3544326,15,310.078125,2507.75
1785156764.3544326,15,311.65625,2558.5
1785156764.3544326,12,313.296875,2621.0
1785156764.3544326,15,314.9375,2689.75
1785156764.3544326,10,316.578125,2751.5
1785156764.3544326,15,318.203125,2816.0
1785156764.3544326,8,319.8125,2902.25
1785156764.3544326,13,321.453125,2992.75
1785156764.3544326,15,323.109375,3083.5
1785156764.3544326,12,324.71875,3158.5
1785156764.3544326,4,327.984375,3359.5
1785156764.5809855,15,352.59375,7313.5
1785156764.5809855,15,355.890625,6966.0
1785156764.5809855,15,357.53125,6958.0
1785156764.5809855,15,359.171875,6962.0
1785156764.5809855,15,0.8125,6938.0
1785156764.5809855,12,2.46875,6857.75
1785156764.5809855,15,4.109375,6735.25
1785156764.5809855,15,5.75,6668.0
1785156764.5809855,15,7.390625,6672.25
1785156764.5809855,15,9.046875,6684.75
1785156764.5809855,15,10.59375,6708.5
1785156764.5809855,15,12.203125,6731.25
1785156764.5809855,15,13.859375,6746.75
1785156764.5809855,10,15.484375,6814.75
1785156764.5809855,15,20.59375,759.75
1785156764.5809855,15,22.046875,751.0
1785156764.5809855,15,23.6875,763.75
1785156764.5809855,15,47.296875,106.5
1785156764.5809855,15,49.15625,104.75
1785156764.5809855,15,50.875,101.75
1785156764.5809855,15,162.734375,10489.5
1785156764.5809855,10,180.71875,10309.0
1785156764.5809855,15,225.171875,3013.0
1785156764.5809855,15,228.546875,2827.75
1785156764.5809855,9,231.84375,2670.25
1785156764.5809855,15,233.453125,2640.0
1785156764.5809855,13,235.125,2586.75
1785156764.5809855,15,236.765625,2534.75
1785156764.5809855,6,238.40625,2483.5
1785156764.5809855,9,240.0625,2432.25
1785156764.5809855,15,268.0,2044.0
1785156764.5809855,10,300.671875,2289.25
1785156764.5809855,15,305.578125,2416.0
1785156764.5809855,15,307.1875,2449.5
1785156764.5809855,15,308.8125,2489.25
1785156764.5809855,10,310.4375,2532.75
1785156764.5809855,15,312.0625,2580.25
1785156764.5809855,11,313.703125,2636.75
1785156764.5809855,9,316.96875,2778.25
1785156764.5809855,9,318.578125,2848.75
1785156764.5809855,15,320.203125,2936.25
1785156764.5809855,9,321.84375,3016.25
1785156764.5809855,15,323.546875,3095.75
1785156764.5809855,11,325.1875,3171.5
1785156764.5809855,15,328.40625,3389.0
1785156764.5809855,9,336.5625,4148.25
1785156764.8061855,15,356.359375,6989.5
1785156764.8061855,15,357.984375,6988.0
1785156764.8061855,15,359.625,6952.75
1785156764.8061855,15,1.28125,6910.75
1785156764.8061855,13,2.90625,6815.5
1785156764.8061855,15,4.5625,6700.25
1785156764.8061855,15,6.203125,6685.5
1785156764.8061855,15,7.859375,6678.25
1785156764.8061855,15,9.484375,6679.25
1785156764.8061855,15,11.0625,6710.0
1785156764.8061855,15,12.703125,6746.75
1785156764.8061855,15,17.515625,852.25
1785156764.8061855,15,19.03125,848.0
1785156764.8061855,15,26.640625,1418.5
1785156764.8061855,15,48.09375,106.0
1785156764.8061855,15,161.59375,10614.75
1785156764.8061855,15,163.234375,10457.5
1785156764.8061855,15,224.125,3074.0
1785156764.8061855,9,225.796875,3000.75
1785156764.8061855,11,227.421875,2916.5
1785156764.8061855,12,232.40625,2654.0
1785156764.8061855,15,234.03125,2618.25
1785156764.8061855,7,235.6875,2567.0
1785156764.8061855,15,237.328125,2519.0
1785156764.8061855,5,238.96875,2473.75
1785156764.8061855,14,240.640625,2425.0
1785156764.8061855,15,266.859375,2043.75
1785156764.8061855,15,306.0625,2427.75
1785156764.8061855,10,307.703125,2456.0
1785156764.8061855,13,309.34375,2495.0
1785156764.8061855,12,310.953125,2537.5
1785156764.8061855,15,312.578125,2592.75
1785156764.8061855,10,314.21875,2658.25
1785156764.8061855,13,315.859375,2723.25
1785156764.8061855,15,317.46875,2802.5
1785156764.8061855,15,319.109375,2874.0
1785156764.8061855,8,322.375,3045.75
1785156764.8061855,8,325.609375,3197.5
1785156764.8061855,8,337.015625,4190.5
1785156765.0291755,15,356.65625,6950.25
1785156765.0291755,15,358.3125,6948.0
1785156765.0291755,15,359.9375,6939.0
1785156765.0291755,15,1.578125,6934.0
1785156765.0291755,15,4.875,6662.25
1785156765.0291755,15,6.5,6689.75
1785156765.0291755,15,8.15625,6688.75
1785156765.0291755,15,9.78125,6701.75
1785156765.0291755,15,11.40625,6711.75
1785156765.0291755,15,16.1875,884.0
1785156765.0291755,15,17.8125,873.25
1785156765.0291755,15,48.578125,106.0
1785156765.0291755,15,161.828125,10582.5
1785156765.0291755,15,163.453125,10438.0
1785156765.0291755,15,217.734375,3592.5
1785156765.0291755,13,224.328125,3076.0
1785156765.0291755,12,227.625,2904.75
1785156765.0291755,15,232.578125,2658.25
1785156765.0291755,3,234.21875,2610.75
1785156765.0291755,15,237.5,2542.5
1785156765.0291755,5,239.140625,2469.75
1785156765.0291755,7,245.734375,2297.0
1785156765.0291755,15,267.0625,2042.25
1785156765.0291755,10,268.703125,2037.75
1785156765.0291755,15,306.296875,2434.25
1785156765.0291755,15,307.90625,2459.0
1785156765.0291755,15,309.53125,2495.0
1785156765.0291755,9,311.15625,2541.25
1785156765.0291755,15,312.8125,2600.5
1785156765.0291755,15,314.390625,2665.75
1785156765.0291755,13,316.046875,2728.5
1785156765.0291755,15,317.671875,2803.5
1785156765.0291755,15,319.28125,2884.25
1785156765.0291755,11,322.5625,3053.25
1785156765.0291755,15,325.796875,3220.25
1785156765.0291755,15,330.671875,3549.25
1785156765.2562833,15,355.171875,6949.5
1785156765.2562833,15,356.8125,6917.75
1785156765.2562833,15,358.46875,6919.5
1785156765.2562833,15,0.109375,6939.25
1785156765.2562833,15,1.75,6940.75
1785156765.2562833,15,5.03125,6693.75
1785156765.2562833,15,6.671875,6694.25
1785156765.2562833,15,8.3125,6676.25
1785156765.2562833,15,9.953125,6682.0
1785156765.2562833,15,11.5,6703.0
1785156765.2562833,15,16.21875,874.5
1785156765.2562833,15,17.84375,868.5
1785156765.2562833,15,22.75,905.75
1785156765.2562833,15,24.4375,895.75
1785156765.2562833,15,25.953125,883.5
1785156765.2562833,10,27.546875,894.5
1785156765.2562833,15,45.65625,108.0
1785156765.2562833,15,48.640625,105.75
1785156765.2562833,15,161.875,10589.0
1785156765.2562833,15,163.515625,10442.0
1785156765.2562833,15,217.734375,3593.5
1785156765.2562833,13,224.375,3076.5
1785156765.2562833,12,227.65625,2904.25
1785156765.2562833,12,232.625,2659.0
1785156765.2562833,4,234.25,2608.25
1785156765.2562833,9,235.90625,2553.75
1785156765.2562833,15,237.5625,2515.5
1785156765.2562833,5,239.1875,2470.5
1785156765.2562833,12,240.8125,2417.0
1785156765.2562833,15,267.1875,2042.75
1785156765.2562833,15,306.328125,2434.75
1785156765.2562833,15,308.0,2462.0
1785156765.2562833,15,309.625,2496.25
1785156765.2562833,11,311.25,2540.0
1785156765.2562833,12,312.859375,2601.0
1785156765.2562833,11,314.5,2664.0
1785156765.2562833,13,316.09375,2726.5
1785156765.2562833,14,319.375,2889.25
1785156765.2562833,8,322.671875,3060.0
1785156765.2562833,12,324.328125,3136.5
1785156765.2562833,15,325.953125,3224.0
1785156765.2562833,8,327.5625,3314.75
1785156765.4813654,15,352.15625,7312.0
1785156765.4813654,15,355.46875,6992.75
1785156765.4813654,15,357.109375,6920.5
1785156765.4813654,15,358.75,6913.75
1785156765.4813654,15,0.390625,6913.25
1785156765.4813654,15,2.03125,6864.75
1785156765.4813654,15,3.6875,6752.5
1785156765.4813654,15,5.3125,6671.25
1785156765.4813654,15,6.953125,6674.25
1785156765.4813654,15,8.609375,6684.0
1785156765.4813654,15,10.25,6693.25
1785156765.4813654,15,11.8125,6712.5
1785156765.4813654,15,13.453125,6752.0
1785156765.4813654,15,18.578125,720.5
1785156765.4813654,15,20.3125,710.0
1785156765.4813654,15,21.875,713.25
1785156765.4813654,15,46.984375,107.25
1785156765.4813654,15,48.359375,105.25
1785156765.4813654,15,162.28125,10465.75
1785156765.4813654,15,211.5625,4130.0
1785156765.4813654,11,224.78125,3036.5
1785156765.4813654,14,229.78125,2794.25
1785156765.4813654,6,231.4375,2727.0
1785156765.4813654,9,233.09375,2661.75
1785156765.4813654,9,234.734375,2597.75
1785156765.4813654,12,236.40625,2540.5
1785156765.4813654,5,238.046875,2488.25
1785156765.4813654,9,239.703125,2443.75
1785156765.4813654,11,241.34375,2411.25
1785156765.4813654,15,267.578125,2042.0
1785156765.4813654,14,305.1875,2413.0
1785156765.4813654,15,306.796875,2443.5
1785156765.4813654,15,308.40625,2473.25
1785156765.4813654,15,310.0625,2510.75
1785156765.4813654,15,311.71875,2561.75
1785156765.4813654,14,313.328125,2624.0
1785156765.4813654,15,314.953125,2692.0
1785156765.4813654,9,316.59375,2763.5
1785156765.4813654,15,318.21875,2829.0
1785156765.4813654,15,321.453125,3006.5
1785156765.4813654,13,324.78125,3165.75
1785156765.4813654,7,328.03125,3359.5
1785156765.4813654,15,336.15625,4126.0
1785156765.8177433,15,352.703125,7313.0
1785156765.8177433,15,355.984375,6989.0
1785156765.8177433,15,357.625,6967.75
1785156765.8177433,15,359.265625,6926.0
1785156765.8177433,15,0.921875,6893.0
1785156765.8177433,12,2.546875,6824.5
1785156765.8177433,15,4.1875,6717.5
1785156765.8177433,15,5.828125,6663.5
1785156765.8177433,15,7.46875,6668.5
1785156765.8177433,15,9.125,6684.25
1785156765.8177433,15,10.734375,6710.0
1785156765.8177433,15,12.375,6736.75
1785156765.8177433,15,17.59375,704.25
1785156765.8177433,15,19.28125,693.5
1785156765.8177433,15,20.875,695.0
1785156765.8177433,15,26.921875,886.25
1785156765.8177433,15,47.140625,106.5
1785156765.8177433,15,52.046875,101.5
1785156765.8177433,15,162.890625,10456.0
1785156765.8177433,15,228.703125,2827.75
1785156765.8177433,7,231.96875,2656.5
1785156765.8177433,14,233.625,2625.5
1785156765.8177433,7,235.28125,2573.25
1785156765.8177433,15,236.890625,2529.75
1785156765.8177433,11,238.546875,2483.0
1785156765.8177433,12,240.203125,2434.0
1785156765.8177433,15,268.15625,2043.0
1785156765.8177433,15,305.765625,2425.0
1785156765.8177433,12,307.390625,2449.25
1785156765.8177433,15,309.015625,2490.25
1785156765.8177433,10,310.640625,2538.5
1785156765.8177433,15,312.296875,2585.5
1785156765.8177433,11,313.890625,2639.75
1785156765.8177433,11,315.515625,2708.0
1785156765.8177433,15,317.15625,2791.0
1785156765.8177433,10,318.78125,2862.75
1785156765.8177433,10,322.046875,3026.75
1785156765.8177433,15,323.6875,3102.0
1785156765.8177433,8,325.296875,3178.25
1785156765.8177433,15,328.5625,3381.25
1785156766.0414069,15,356.71875,6926.25
1785156766.0414069,15,358.34375,6927.5
1785156766.0414069,15,0.0,6945.0
1785156766.0414069,15,1.65625,6941.75
1785156766.0414069,15,4.9375,6662.5
1785156766.0414069,15,6.59375,6686.75
1785156766.0414069,15,8.234375,6681.75
1785156766.0414069,15,9.875,6688.0
1785156766.0414069,15,11.453125,6704.5
1785156766.0414069,15,13.078125,6765.0
1785156766.0414069,15,18.21875,691.5
1785156766.0414069,15,19.953125,684.75
1785156766.0414069,15,21.53125,689.0
1785156766.0414069,15,47.84375,105.75
1785156766.0414069,15,162.03125,10571.25
1785156766.0414069,15,163.65625,10450.5
1785156766.0414069,15,222.953125,3153.25
1785156766.0414069,9,224.609375,3073.0
1785156766.0414069,15,227.890625,2888.0
1785156766.0414069,15,229.546875,2815.25
1785156766.0414069,11,232.859375,2660.25
1785156766.0414069,15,234.484375,2600.0
1785156766.0414069,13,236.15625,2546.75
1785156766.0414069,15,237.765625,2507.5
1785156766.0414069,4,239.4375,2459.25
1785156766.0414069,10,241.0625,2415.25
1785156766.0414069,13,304.875,2411.75
1785156766.0414069,11,306.53125,2438.5
1785156766.0414069,15,308.15625,2466.25
1785156766.0414069,15,309.796875,2502.0
1785156766.0414069,15,311.40625,2553.0
1785156766.0414069,14,313.0625,2616.25
1785156766.0414069,15,314.6875,2681.0
1785156766.0414069,10,316.28125,2742.75
1785156766.0414069,8,319.53125,2894.0
1785156766.0414069,6,322.84375,3072.25
1785156766.0414069,12,324.5,3147.75
1785156766.0414069,15,326.109375,3226.25
1785156766.2678783,15,352.40625,7335.5
1785156766.2678783,15,355.6875,6969.0
1785156766.2678783,15,357.328125,6941.0
1785156766.2678783,15,358.984375,6953.75
1785156766.2678783,15,0.609375,6927.75
1785156766.2678783,15,2.25,6856.25
1785156766.2678783,15,3.890625,6749.5
1785156766.2678783,15,5.53125,6670.75
1785156766.2678783,15,7.15625,6683.5
1785156766.2678783,15,8.8125,6694.0
1785156766.2678783,15,10.40625,6689.5
1785156766.2678783,15,12.046875,6714.0
1785156766.2678783,15,18.78125,686.75
1785156766.2678783,15,20.59375,684.25
1785156766.2678783,15,26.5625,879.0
1785156766.2678783,15,47.609375,106.75
1785156766.2678783,15,51.765625,101.75
1785156766.2678783,15,162.515625,10496.0
1785156766.2678783,10,200.25,6145.75
1785156766.2678783,15,218.40625,3524.5
1785156766.2678783,15,225.046875,3039.75
1785156766.2678783,15,228.34375,2847.25
1785156766.2678783,15,230.0,2787.75
1785156766.2678783,12,233.28125,2644.0
1785156766.2678783,4,234.9375,2590.25
1785156766.2678783,8,236.59375,2540.25
1785156766.2678783,8,238.25,2500.25
1785156766.2678783,11,239.875,2448.0
1785156766.2678783,10,241.5,2406.0
1785156766.2678783,15,267.828125,2048.75
1785156766.2678783,12,305.421875,2423.5
1785156766.2678783,15,307.0625,2450.0
1785156766.2678783,15,308.703125,2487.75
1785156766.2678783,11,310.3125,2526.75
1785156766.2678783,15,311.96875,2573.0
1785156766.2678783,14,313.59375,2632.75
1785156766.2678783,15,315.234375,2696.75
1785156766.2678783,8,316.859375,2767.0
1785156766.2678783,15,320.109375,2935.5
1785156766.2678783,9,321.75,3015.25
1785156766.2678783,15,323.375,3097.75
1785156766.2678783,13,325.0,3174.25
1785156766.2678783,5,328.265625,3361.0
1785156766.2678783,11,336.390625,4134.75
1785156766.4935162,15,356.25,6974.5
1785156766.4935162,15,357.875,6959.5
1785156766.4935162,15,359.53125,6943.75
1785156766.4935162,15,1.171875,6912.0
1785156766.4935162,15,2.8125,6829.0
1785156766.4935162,15,4.453125,6711.25
1785156766.4935162,15,6.09375,6673.0
1785156766.4935162,15,7.734375,6670.0
1785156766.4935162,15,9.375,6673.0
1785156766.4935162,15,10.984375,6710.25
1785156766.4935162,15,12.625,6753.75
1785156766.4935162,15,17.796875,694.75
1785156766.4935162,15,19.5,684.75
1785156766.4935162,15,21.140625,684.75
1785156766.4935162,15,47.203125,106.25
1785156766.4935162,15,163.046875,10447.25
1785156766.4935162,7,169.59375,10318.25
1785156766.4935162,8,176.140625,10253.25
1785156766.4935162,15,224.015625,3082.0
1785156766.4935162,15,225.625,3009.5
1785156766.4935162,15,228.9375,2830.25
1785156766.4935162,6,232.21875,2655.25
1785156766.4935162,15,233.859375,2622.5
1785156766.4935162,4,235.53125,2569.0
1785156766.4935162,15,237.15625,2521.25
1785156766.4935162,5,238.8125,2473.5
1785156766.4935162,15,240.46875,2425.0
1785156766.4935162,8,268.359375,2039.0
1785156766.4935162,15,305.953125,2426.75
1785156766.4935162,14,307.59375,2456.0
1785156766.4935162,11,309.203125,2495.5
1785156766.4935162,14,310.84375,2539.0
1785156766.4935162,12,312.46875,2591.25
1785156766.4935162,12,314.09375,2650.25
1785156766.4935162,10,315.71875,2714.5
1785156766.4935162,15,317.375,2795.0
1785156766.4935162,10,319.0,2865.5
1785156766.4935162,11,322.25,3040.75
1785156766.4935162,15,323.890625,3111.25
1785156766.4935162,10,325.515625,3184.5
1785156766.4935162,15,328.765625,3401.25
1785156766.7165866,15,356.703125,6933.75
1785156766.7165866,15,358.34375,6934.5
1785156766.7165866,15,359.984375,6946.25
1785156766.7165866,15,1.640625,6942.25
1785156766.7165866,15,4.90625,6664.25
1785156766.7165866,15,6.546875,6684.25
1785156766.7165866,15,8.203125,6687.75
1785156766.7165866,15,9.84375,6703.5
1785156766.7165866,15,11.4375,6716.25
1785156766.7165866,15,13.0625,6797.5
1785156766.7165866,15,18.21875,689.75
1785156766.7165866,15,19.890625,684.25
1785156766.7165866,15,21.484375,688.25
1785156766.7165866,15,46.578125,108.0
1785156766.7165866,15,47.9375,105.75
1785156766.7165866,15,161.875,10579.25
1785156766.7165866,15,163.515625,10442.25
1785156766.7165866,7,176.625,10229.75
1785156766.7165866,15,217.8125,3585.0
1785156766.7165866,12,224.40625,3076.5
1785156766.7165866,15,227.6875,2905.0
1785156766.7165866,12,232.640625,2658.75
1785156766.7165866,3,234.296875,2607.5
1785156766.7165866,10,235.90625,2551.5
1785156766.7165866,15,237.546875,2513.5
1785156766.7165866,5,239.234375,2470.0
1785156766.7165866,13,240.859375,2417.75
1785156766.7165866,15,306.421875,2435.25
1785156766.7165866,13,308.03125,2461.75
1785156766.7165866,15,309.671875,2495.75
1785156766.7165866,8,311.3125,2540.25
1785156766.7165866,11,312.921875,2602.5
1785156766.7165866,15,314.5625,2676.0
1785156766.7165866,15,316.15625,2740.0
1785156766.7165866,10,319.421875,2893.0
1785156766.7165866,15,322.71875,3061.75
1785156766.7165866,15,324.359375,3137.75
1785156766.7165866,15,325.984375,3223.5
1785156766.9419212,15,352.25,7320.0
1785156766.9419212,15,355.546875,6982.5
1785156766.9419212,15,357.1875,6953.5
1785156766.9419212,15,358.84375,6954.25
1785156766.9419212,15,0.484375,6916.25
1785156766.9419212,14,2.125,6860.75
1785156766.9419212,15,3.78125,6754.0
1785156766.9419212,15,5.421875,6668.25
1785156766.9419212,15,7.0625,6672.75
1785156766.9419212,15,8.71875,6690.75
1785156766.9419212,15,10.265625,6698.75
1785156766.9419212,15,11.890625,6728.0
1785156766.9419212,15,18.640625,687.75
1785156766.9419212,15,20.25,684.75
1785156766.9419212,15,26.4375,879.5
1785156766.9419212,15,47.109375,107.0
1785156766.9419212,15,47.953125,105.0
1785156766.9419212,15,51.140625,102.25
1785156766.9419212,15,162.4375,10494.0
1785156766.9419212,15,211.703125,4135.0
1785156766.9419212,15,218.328125,3528.5
1785156766.9419212,15,224.890625,3037.75
1785156766.9419212,15,228.28125,2865.0
1785156766.9419212,14,229.921875,2794.0
1785156766.9419212,15,233.203125,2645.0
1785156766.9419212,3,234.875,2589.75
1785156766.9419212,15,236.515625,2539.5
1785156766.9419212,6,238.171875,2499.75
1785156766.9419212,9,239.796875,2448.25
1785156766.9419212,10,241.453125,2406.0
1785156766.9419212,15,267.75,2045.75
1785156766.9419212,15,306.953125,2451.25
1785156766.9419212,15,308.578125,2482.5
1785156766.9419212,11,310.25,2517.0
1785156766.9419212,15,311.875,2565.0
1785156766.9419212,14,313.484375,2628.0
1785156766.9419212,12,315.125,2698.0
1785156766.9419212,9,316.734375,2768.75
1785156766.9419212,10,318.375,2843.25
1785156766.9419212,15,319.984375,2931.25
1785156766.9419212,10,321.625,3011.5
1785156766.9419212,11,324.953125,3174.75
1785156766.9419212,6,328.25,3362.25
1785156766.9419212,12,336.390625,4132.25
1785156767.1679497,15,356.375,6971.75
1785156767.1679497,15,358.015625,6953.25
1785156767.1679497,15,359.65625,6923.0
1785156767.1679497,15,1.296875,6911.5
1785156767.1679497,15,2.9375,6814.75
1785156767.1679497,15,4.578125,6691.75
1785156767.1679497,15,6.21875,6670.25
1785156767.1679497,15,7.859375,6672.25
1785156767.1679497,15,9.5,6691.5
1785156767.1679497,15,11.109375,6732.0
1785156767.1679497,15,12.75,6741.5
1785156767.1679497,15,18.03125,693.75
1785156767.1679497,15,19.53125,687.25
1785156767.1679497,15,21.1875,690.25
1785156767.1679497,15,47.125,106.0
1785156767.1679497,15,161.6875,10532.5
1785156767.1679497,15,163.328125,10417.0
1785156767.1679497,7,181.359375,10316.0
1785156767.1679497,15,217.75,3592.0
1785156767.1679497,12,224.359375,3076.25
1785156767.1679497,11,227.65625,2903.75
1785156767.1679497,11,232.609375,2658.25
1785156767.1679497,15,234.25,2609.5
1785156767.1679497,8,235.921875,2551.75
1785156767.1679497,15,237.53125,2514.25
1785156767.1679497,4,239.203125,2472.0
1785156767.1679497,11,240.828125,2417.5
1785156767.1679497,15,267.125,2043.0
1785156767.1679497,15,306.375,2436.75
1785156767.1679497,12,308.0,2462.5
1785156767.1679497,15,309.640625,2497.5
1785156767.1679497,9,311.265625,2544.0
1785156767.1679497,11,312.90625,2605.25
1785156767.1679497,15,314.5,2668.0
1785156767.1679497,13,316.15625,2730.0
1785156767.1679497,12,319.40625,2892.75
1785156767.1679497,7,322.65625,3062.25
1785156767.1679497,15,324.296875,3137.75
1785156767.1679497,15,325.921875,3222.5
1785156767.50511,15,356.390625,6976.0
1785156767.50511,15,358.03125,6956.25
1785156767.50511,15,359.671875,6922.25
1785156767.50511,15,1.3125,6909.75
1785156767.50511,15,2.96875,6814.0
1785156767.50511,15,4.625,6692.0
1785156767.50511,15,6.25,6661.25
1785156767.50511,15,7.890625,6673.5
1785156767.50511,15,9.546875,6701.25
1785156767.50511,15,11.09375,6753.5
1785156767.50511,15,12.734375,6770.0
1785156767.50511,15,18.0,696.75
1785156767.50511,15,19.59375,692.5
1785156767.50511,15,21.234375,699.0
1785156767.50511,15,48.046875,106.0
1785156767.50511,15,161.71875,10582.75
1785156767.50511,15,163.359375,10442.0
1785156767.50511,15,217.71875,3591.5
1785156767.50511,14,224.3125,3077.0
1785156767.50511,14,227.640625,2904.25
1785156767.50511,15,232.578125,2657.75
1785156767.50511,3,234.25,2608.25
1785156767.50511,8,235.90625,2549.25
1785156767.50511,15,237.515625,2513.0
1785156767.50511,5,239.1875,2471.5
1785156767.50511,11,240.828125,2417.25
1785156767.50511,15,267.1875,2042.5
1785156767.50511,13,306.40625,2436.25
1785156767.50511,15,308.0625,2463.5
1785156767.50511,15,309.703125,2499.5
1785156767.50511,9,311.296875,2545.25
1785156767.50511,14,312.921875,2608.5
1785156767.50511,15,314.578125,2679.0
1785156767.50511,11,316.203125,2739.25
1785156767.50511,9,319.4375,2894.5
1785156767.50511,15,322.78125,3070.75
1785156767.50511,15,324.390625,3147.0
1785156767.50511,15,326.046875,3225.5
1785156767.727533,15,352.765625,7306.75
1785156767.727533,15,356.0625,6954.0
1785156767.727533,15,357.703125,6937.75
1785156767.727533,15,359.359375,6925.25
1785156767.727533,15,1.0,6893.75
1785156767.727533,12,2.640625,6826.0
1785156767.727533,15,4.296875,6718.0
1785156767.727533,15,5.9375,6684.75
1785156767.727533,15,7.578125,6705.75
1785156767.727533,15,9.234375,6711.0
1785156767.727533,15,10.78125,6703.0
1785156767.727533,15,12.40625,6771.5
1785156767.727533,15,17.671875,698.75
1785156767.727533,15,19.125,692.25
1785156767.727533,15,20.765625,696.5
1785156767.727533,15,47.421875,106.5
1785156767.727533,15,163.046875,10443.0
1785156767.727533,8,179.421875,10246.5
1785156767.727533,7,181.0625,10149.75
1785156767.727533,12,223.984375,3081.25
1785156767.727533,15,225.640625,3010.25
1785156767.727533,15,228.96875,2828.25
1785156767.727533,7,232.28125,2655.0
1785156767.727533,15,233.90625,2622.25
1785156767.727533,9,235.578125,2566.75
1785156767.727533,15,237.203125,2517.5
1785156767.727533,5,238.875,2473.0
1785156767.727533,15,240.515625,2426.0
1785156767.727533,8,299.515625,2280.5
1785156767.727533,12,304.4375,2412.5
1785156767.727533,15,306.0625,2437.5
1785156767.727533,13,307.6875,2457.5
1785156767.727533,13,309.359375,2496.25
1785156767.727533,11,310.953125,2540.75
1785156767.727533,15,312.59375,2595.5
1785156767.727533,11,314.21875,2658.5
1785156767.727533,14,315.859375,2721.75
1785156767.727533,15,319.125,2877.5
1785156767.727533,10,322.375,3046.25
1785156767.727533,15,325.671875,3205.0
1785156767.8424354,15,356.640625,6956.0
1785156767.8424354,15,358.28125,6951.5
1785156767.8424354,15,359.921875,6949.75
1785156767.8424354,15,1.5625,6918.0
1785156767.8424354,15,4.859375,6659.5
1785156767.8424354,15,6.5,6678.75
1785156767.8424354,15,8.15625,6687.0
1785156767.8424354,15,9.796875,6701.25
1785156767.8424354,15,11.375,6715.75
1785156767.8424354,15,18.234375,693.5
1785156767.8424354,15,19.90625,690.5
1785156767.8424354,15,25.84375,876.5
1785156767.8424354,15,47.734375,105.75
1785156767.8424354,15,161.96875,10568.5
1785156767.8424354,15,163.609375,10444.25
1785156767.8424354,15,222.890625,3153.25
1785156767.8424354,10,224.5625,3073.5
1785156767.8424354,15,229.53125,2803.75
1785156767.8424354,10,232.859375,2661.0
1785156767.8424354,13,234.484375,2601.75
1785156767.8424354,11,236.15625,2545.75
1785156767.8424354,15,237.796875,2504.25
1785156767.8424354,4,239.4375,2459.5
1785156767.8424354,11,241.09375,2416.75
1785156767.8424354,13,306.65625,2439.25
1785156767.8424354,15,308.3125,2468.25
1785156767.8424354,15,309.90625,2507.5
1785156767.8424354,15,311.578125,2559.5
1785156767.8424354,15,313.1875,2619.75
1785156767.8424354,15,314.8125,2679.5
1785156767.8424354,9,316.4375,2745.25
1785156767.8424354,15,318.09375,2818.75
1785156767.8424354,12,319.6875,2900.75
1785156767.8424354,15,322.984375,3081.5
1785156767.8424354,12,324.59375,3156.25
1785156767.8424354,15,326.25,3240.0
1785156767.8424354,7,327.875,3336.0
1785156767.9543147,15,352.25,7315.25
1785156767.9543147,15,355.546875,6975.75
1785156767.9543147,15,357.1875,6943.5
1785156767.9543147,15,358.828125,6952.0
1785156767.9543147,15,0.453125,6921.75
1785156767.9543147,14,2.109375,6870.0
1785156767.9543147,15,3.75,6761.5
1785156767.9543147,15,5.390625,6669.5
1785156767.9543147,15,7.03125,6674.25
1785156767.9543147,15,8.6875,6691.25
1785156767.9543147,15,10.28125,6699.25
1785156767.9543147,15,11.921875,6729.75
1785156767.9543147,15,17.140625,703.5
1785156767.9543147,15,18.71875,692.5
1785156767.9543147,15,20.359375,692.25
1785156767.9543147,15,26.40625,882.75
1785156767.9543147,15,47.28125,107.0
1785156767.9543147,15,49.640625,105.0
1785156767.9543147,15,162.484375,10487.25
1785156767.9543147,7,175.59375,10369.75
1785156767.9543147,15,225.125,3033.25
1785156767.9543147,15,228.390625,2844.75
1785156767.9543147,15,230.078125,2789.75
1785156767.9543147,12,233.359375,2648.25
1785156767.9543147,7,235.0,2591.5
1785156767.9543147,11,236.65625,2536.0
1785156767.9543147,9,238.296875,2495.75
1785156767.9543147,15,239.953125,2446.0
1785156767.9543147,15,267.859375,2048.0
1785156767.9543147,14,305.578125,2431.0
1785156767.9543147,15,307.21875,2449.25
1785156767.9543147,15,308.84375,2488.75
1785156767.9543147,9,310.484375,2532.0
1785156767.9543147,15,312.09375,2578.25
1785156767.9543147,11,313.71875,2634.75
1785156767.9543147,8,317.0,2778.25
1785156767.9543147,10,318.640625,2850.25
1785156767.9543147,12,321.90625,3025.75
1785156767.9543147,15,323.5,3096.5
1785156767.9543147,10,325.15625,3172.0
1785156767.9543147,5,328.421875,3378.25
1785156767.9543147,13,336.5625,4146.5
1785156768.179579,15,355.125,6949.5
1785156768.179579,15,356.78125,6921.25
1785156768.179579,15,358.40625,6930.25
1785156768.179579,15,0.046875,6945.5
1785156768.179579,15,1.6875,6947.25
1785156768.179579,15,4.984375,6670.0
1785156768.179579,15,6.625,6679.5
1785156768.179579,15,8.265625,6673.5
1785156768.179579,15,9.921875,6693.0
1785156768.179579,15,11.53125,6718.5
1785156768.179579,15,18.421875,691.25
1785156768.179579,15,20.0,689.25
1785156768.179579,15,26.09375,878.0
1785156768.179579,15,46.234375,107.75
1785156768.179579,15,48.875,105.75
1785156768.179579,15,162.1875,10501.75
1785156768.179579,8,178.625,10285.5
1785156768.179579,15,211.59375,4136.5
1785156768.179579,12,224.84375,3039.25
1785156768.179579,15,228.109375,2865.5
1785156768.179579,14,229.75,2792.75
1785156768.179579,15,233.03125,2650.25
1785156768.179579,9,234.6875,2598.0
1785156768.179579,10,236.34375,2539.0
1785156768.179579,15,238.015625,2486.0
1785156768.179579,9,239.640625,2440.5
1785156768.179579,11,241.28125,2407.5
1785156768.179579,14,306.859375,2447.75
1785156768.179579,15,308.515625,2479.25
1785156768.179579,15,310.125,2515.25
1785156768.179579,15,311.796875,2562.0
1785156768.179579,14,313.390625,2622.0
1785156768.179579,15,315.015625,2690.0
1785156768.179579,8,316.671875,2760.25
1785156768.179579,15,318.265625,2825.5
1785156768.179579,14,321.515625,3008.0
1785156768.179579,15,323.171875,3089.5
1785156768.179579,13,324.8125,3162.0
1785156768.179579,7,328.09375,3358.5
1785156768.2914712,15,352.5625,7319.0
1785156768.2914712,15,355.859375,6972.0
1785156768.2914712,15,357.5,6949.0
1785156768.2914712,15,359.140625,6949.0
1785156768.2914712,15,0.796875,6926.75
1785156768.2914712,14,2.421875,6847.25
1785156768.2914712,15,4.09375,6729.75
1785156768.2914712,15,5.734375,6665.25
1785156768.2914712,15,7.390625,6676.0
1785156768.2914712,15,9.03125,6685.75
1785156768.2914712,15,10.59375,6707.25
1785156768.2914712,15,12.21875,6732.5
1785156768.2914712,15,17.359375,698.5
1785156768.2914712,15,18.953125,689.25
1785156768.2914712,15,20.59375,691.25
1785156768.2914712,15,26.765625,885.5
1785156768.2914712,15,47.59375,106.5
1785156768.2914712,15,51.296875,101.5
1785156768.2914712,15,162.875,10455.25
1785156768.2914712,15,225.484375,3016.5
1785156768.2914712,15,228.828125,2830.25
1785156768.2914712,6,232.125,2654.5
1785156768.2914712,15,233.78125,2621.25
1785156768.2914712,4,235.40625,2568.5
1785156768.2914712,15,237.078125,2526.0
1785156768.2914712,5,238.734375,2478.25
1785156768.2914712,15,240.359375,2427.75
1785156768.2914712,15,305.890625,2427.5
1785156768.2914712,12,307.5625,2452.25
1785156768.2914712,12,309.1875,2493.25
1785156768.2914712,15,310.8125,2541.5
1785156768.2914712,11,312.40625,2593.0
1785156768.2914712,10,314.078125,2650.0
1785156768.2914712,10,315.703125,2713.5
1785156768.2914712,15,317.296875,2786.0
1785156768.2914712,10,318.953125,2856.75
1785156768.2914712,10,322.203125,3035.5
1785156768.2914712,15,323.875,3109.25
1785156768.2914712,9,325.53125,3185.75
1785156768.4028623,15,356.546875,6956.75
1785156768.4028623,15,358.1875,6954.75
1785156768.4028623,15,359.84375,6951.75
1785156768.4028623,15,1.484375,6931.5
1785156768.4028623,15,4.78125,6641.25
1785156768.4028623,15,6.421875,6659.5
1785156768.4028623,15,8.0625,6680.75
1785156768.4028623,15,9.703125,6703.25
1785156768.4028623,15,11.25,6723.75
1785156768.4028623,15,12.90625,6750.5
1785156768.4028623,15,18.171875,693.0
1785156768.4028623,15,19.796875,688.0
1785156768.4028623,15,21.3125,693.0
1785156768.4028623,15,47.859375,106.0
1785156768.4028623,15,161.921875,10569.75
1785156768.4028623,15,163.578125,10440.0
1785156768.4028623,10,224.484375,3073.25
1785156768.4028623,15,229.484375,2805.25
1785156768.4028623,12,232.78125,2661.0
1785156768.4028623,15,234.46875,2608.75
1785156768.4028623,15,236.125,2553.0
1785156768.4028623,15,237.765625,2502.75
1785156768.4028623,5,239.421875,2458.75
1785156768.4028623,9,241.078125,2416.75
1785156768.4028623,13,304.96875,2411.5
1785156768.4028623,10,306.625,2439.75
1785156768.4028623,15,308.234375,2469.5
1785156768.4028623,15,309.890625,2505.25
1785156768.4028623,15,311.484375,2554.25
1785156768.4028623,14,313.140625,2618.25
1785156768.4028623,15,314.78125,2680.5
1785156768.4028623,10,316.390625,2747.5
1785156768.4028623,15,318.015625,2819.0
1785156768.4028623,10,319.640625,2898.75
1785156768.4028623,15,322.96875,3079.75
1785156768.4028623,12,324.59375,3155.5
1785156768.4028623,7,327.84375,3339.0
1785156768.5174491,15,352.25,7316.5
1785156768.5174491,15,355.546875,6972.5
1785156768.5174491,15,357.1875,6937.25
1785156768.5174491,15,358.828125,6950.25
1785156768.5174491,15,0.484375,6922.5
1785156768.5174491,15,2.125,6864.5
1785156768.5174491,15,3.765625,6758.25
1785156768.5174491,15,5.40625,6668.5
1785156768.5174491,15,7.0625,6676.25
1785156768.5174491,15,8.703125,6697.25
1785156768.5174491,15,10.28125,6704.0
1785156768.5174491,15,11.90625,6733.0
1785156768.5174491,15,17.0625,703.25
1785156768.5174491,15,18.8125,690.0
1785156768.5174491,15,20.4375,688.0
1785156768.5174491,15,26.421875,882.5
1785156768.5174491,15,47.3125,107.0
1785156768.5174491,15,48.96875,105.0
1785156768.5174491,15,162.578125,10495.75
1785156768.5174491,15,228.53125,2828.5
1785156768.5174491,7,231.8125,2667.25
1785156768.5174491,15,233.453125,2637.75
1785156768.5174491,10,235.09375,2586.75
1785156768.5174491,11,236.78125,2533.5
1785156768.5174491,5,238.421875,2480.75
1785156768.5174491,7,240.0625,2431.0
1785156768.5174491,15,268.046875,2044.25
1785156768.5174491,15,305.65625,2424.0
1785156768.5174491,13,307.28125,2449.5
1785156768.5174491,15,308.90625,2488.25
1785156768.5174491,11,310.5625,2531.75
1785156768.5174491,15,312.15625,2578.0
1785156768.5174491,11,313.8125,2635.0
1785156768.5174491,15,315.4375,2703.0
1785156768.5174491,8,317.078125,2777.5
1785156768.5174491,9,318.6875,2852.5
1785156768.5174491,12,321.9375,3023.5
1785156768.5174491,15,323.625,3097.75
1785156768.5174491,9,325.265625,3173.5
1785156768.5174491,6,328.5,3382.75
1785156768.5174491,15,333.421875,3772.25
1785156768.5174491,13,336.671875,4149.25
1785156768.7408078,15,355.234375,6958.25
1785156768.7408078,15,356.859375,6930.5
1785156768.7408078,15,358.515625,6915.5
1785156768.7408078,15,0.15625,6935.5
1785156768.7408078,15,1.796875,6954.75
1785156768.7408078,15,5.09375,6667.75
1785156768.7408078,15,6.734375,6664.5
1785156768.7408078,15,8.359375,6674.25
1785156768.7408078,15,10.0,6694.0
1785156768.7408078,15,11.5625,6720.5
1785156768.7408078,15,16.71875,689.5
1785156768.7408078,15,18.421875,681.5
1785156768.7408078,15,20.09375,685.25
1785156768.7408078,15,26.109375,880.5
1785156768.7408078,15,47.578125,106.75
1785156768.7408078,14,51.671875,101.0
1785156768.7408078,15,162.03125,10517.5
1785156768.7408078,15,163.671875,10392.0
1785156768.7408078,13,224.71875,3071.0
1785156768.7408078,13,231.234375,2684.5
1785156768.7408078,9,237.875,2463.75
1785156768.7408078,12,239.5,2419.5
1785156768.7408078,15,264.15625,1994.5
1785156768.7408078,10,265.828125,1979.5
1785156768.7408078,12,267.421875,1975.25
1785156768.7408078,14,269.09375,1971.75
1785156768.7408078,9,270.703125,1965.0
1785156768.7408078,14,272.375,1962.5
1785156768.7408078,8,280.5,1968.5
1785156768.7408078,9,282.140625,1976.5
1785156768.7408078,15,285.421875,1981.0
1785156768.7408078,10,311.640625,2446.5
1785156768.7408078,8,313.234375,2498.25
1785156768.7408078,8,316.546875,2635.0
1785156768.7408078,11,321.375,2901.75
1785156768.7408078,13,323.015625,2993.25
1785156768.7408078,15,324.640625,3082.75
1785156768.7408078,11,326.265625,3163.0
1785156768.7408078,6,329.53125,3390.25
1785156768.8549223,15,352.28125,7318.75
1785156768.8549223,15,355.5625,6944.5
1785156768.8549223,15,357.203125,6939.75
1785156768.8549223,15,358.84375,6946.0
1785156768.8549223,15,0.484375,6948.0
1785156768.8549223,15,2.140625,6856.25
1785156768.8549223,15,3.78125,6721.0
1785156768.8549223,15,5.421875,6667.25
1785156768.8549223,15,7.046875,6668.75
1785156768.8549223,15,8.703125,6689.75
1785156768.8549223,15,13.90625,685.5
1785156768.8549223,15,15.5625,674.0
1785156768.8549223,15,17.1875,674.75
1785156768.8549223,15,23.234375,856.75
1785156768.8549223,15,46.625,106.5
1785156768.8549223,15,48.515625,104.5
1785156768.8549223,14,51.671875,101.75
1785156768.8549223,15,162.390625,10496.0
1785156768.8549223,15,164.046875,10366.75
1785156768.8549223,15,213.515625,3981.5
1785156768.8549223,10,231.65625,2707.75
1785156768.8549223,5,233.3125,2667.5
1785156768.8549223,8,234.953125,2612.25
1785156768.8549223,9,239.875,2476.25
1785156768.8549223,15,241.5,2451.75
1785156768.8549223,8,305.4375,2412.25
1785156768.8549223,13,307.09375,2448.0
1785156768.8549223,15,308.703125,2483.5
1785156768.8549223,9,310.359375,2522.25
1785156768.8549223,15,311.953125,2569.5
1785156768.8549223,8,313.609375,2628.0
1785156768.8549223,15,315.234375,2693.25
1785156768.8549223,11,316.875,2760.0
1785156768.8549223,15,320.09375,2932.0
1785156768.8549223,11,321.734375,3011.0
1785156768.8549223,15,323.390625,3091.75
1785156768.8549223,15,325.03125,3167.0
1785156768.8549223,15,326.65625,3237.5
1785156768.9658186,15,355.984375,6988.5
1785156768.9658186,15,357.625,6965.25
1785156768.9658186,15,359.265625,6925.75
1785156768.9658186,15,0.90625,6901.75
1785156768.9658186,15,4.203125,6672.75
1785156768.9658186,15,5.84375,6667.5
1785156768.9658186,15,11.109375,678.5
1785156768.9658186,15,12.84375,667.25
1785156768.9658186,15,14.421875,667.75
1785156768.9658186,15,20.53125,838.5
1785156768.9658186,15,22.03125,852.0
1785156768.9658186,15,47.484375,106.5
1785156768.9658186,15,162.90625,10452.25
1785156768.9658186,15,164.546875,10270.25
1785156768.9658186,15,232.09375,2708.75
1785156768.9658186,15,233.765625,2660.25
1785156768.9658186,12,237.0625,2539.5
1785156768.9658186,13,238.703125,2504.25
1785156768.9658186,4,240.34375,2454.75
1785156768.9658186,9,241.96875,2413.25
1785156768.9658186,15,271.609375,2035.25
1785156768.9658186,15,274.796875,2037.75
1785156768.9658186,8,283.0,2056.5
1785156768.9658186,8,310.828125,2525.25
1785156768.9658186,13,312.4375,2595.75
1785156768.9658186,15,314.046875,2667.0
1785156768.9658186,10,315.703125,2731.0
1785156768.9658186,14,318.9375,2910.5
1785156768.9658186,10,320.578125,2991.5
1785156768.9658186,15,322.203125,3080.5
1785156768.9658186,11,323.8125,3158.25
1785156768.9658186,15,325.4375,3241.75
1785156768.9658186,5,327.078125,3337.25
1785156768.9658186,11,343.328125,5130.0
1785156769.1918347,15,355.1875,6954.0
1785156769.1918347,15,356.828125,6967.0
1785156769.1918347,15,358.46875,6970.5
1785156769.1918347,15,0.109375,6936.5
1785156769.1918347,15,7.1875,657.0
1785156769.1918347,15,8.609375,655.5
1785156769.1918347,15,10.21875,666.75
1785156769.1918347,15,17.9375,822.25
1785156769.1918347,15,19.484375,835.5
1785156769.1918347,15,23.703125,1417.0
1785156769.1918347,15,25.421875,1410.25
1785156769.1918347,15,46.6875,108.25
1785156769.1918347,15,48.359375,105.75
1785156769.1918347,15,163.71875,10416.5
1785156769.1918347,10,226.21875,3059.75
1785156769.1918347,11,231.1875,2773.75
1785156769.1918347,9,234.515625,2653.75
1785156769.1918347,7,236.171875,2599.5
1785156769.1918347,9,237.78125,2544.5
1785156769.1918347,14,239.4375,2503.0
1785156769.1918347,7,241.109375,2451.75
1785156769.1918347,15,267.421875,2042.25
1785156769.1918347,14,269.03125,2039.25
1785156769.1918347,15,270.65625,2032.5
1785156769.1918347,12,272.328125,2028.75
1785156769.1918347,15,273.96875,2031.75
1785156769.1918347,11,275.53125,2019.25
1785156769.1918347,11,278.796875,2025.0
1785156769.1918347,8,306.625,2423.75
1785156769.1918347,8,308.25,2469.5
1785156769.1918347,11,309.890625,2502.5
1785156769.1918347,15,319.65625,2911.5
1785156769.1918347,12,321.28125,2992.25
1785156769.1918347,15,322.953125,3077.25
1785156769.1918347,12,324.59375,3152.75
1785156769.1918347,5,327.84375,3340.25
1785156769.1918347,15,334.375,3884.5
1785156769.3029442,15,353.890625,6993.0
1785156769.3029442,15,355.546875,6955.0
1785156769.3029442,15,357.171875,6944.75
1785156769.3029442,15,4.203125,662.0
1785156769.3029442,15,5.71875,660.25
1785156769.3029442,15,7.265625,672.25
1785156769.3029442,15,14.984375,831.75
1785156769.3029442,15,16.640625,834.0
1785156769.3029442,15,20.84375,1417.0
1785156769.3029442,15,22.484375,1401.75
1785156769.3029442,15,24.15625,1395.25
1785156769.3029442,15,46.859375,107.0
1785156769.3029442,15,49.109375,105.25
1785156769.3029442,15,164.015625,10364.0
1785156769.3029442,8,178.765625,10230.25
1785156769.3029442,13,267.640625,1998.25
1785156769.3029442,13,269.265625,1993.75
1785156769.3029442,15,270.90625,1992.25
1785156769.3029442,15,272.546875,1990.5
1785156769.3029442,15,274.171875,1990.75
1785156769.3029442,15,275.75,1987.5
1785156769.3029442,15,277.390625,1991.0
1785156769.3029442,15,279.03125,1996.25
1785156769.3029442,15,280.65625,2001.0
1785156769.3029442,13,310.125,2465.25
1785156769.3029442,6,319.875,2891.5
1785156769.3029442,15,323.125,3063.75
1785156769.3029442,11,324.78125,3144.0
1785156769.3029442,15,326.421875,3228.5
1785156769.3029442,15,331.28125,3586.0
1785156769.4155335,15,354.046875,7019.5
1785156769.4155335,15,355.6875,7005.5
1785156769.4155335,15,0.984375,671.5
1785156769.4155335,15,2.53125,664.75
1785156769.4155335,15,4.21875,672.25
1785156769.4155335,15,8.828125,6693.25
1785156769.4155335,15,15.265625,851.75
1785156769.4155335,15,16.71875,860.75
1785156769.4155335,15,22.6875,1384.25
1785156769.4155335,15,25.921875,1458.75
1785156769.4155335,15,47.765625,106.5
1785156769.4155335,15,49.765625,104.5
1785156769.4155335,15,51.390625,101.75
1785156769.4155335,15,164.21875,10427.75
1785156769.4155335,13,213.5625,4118.5
1785156769.4155335,15,226.75,3044.5
1785156769.4155335,15,230.046875,2853.5
1785156769.4155335,7,231.671875,2789.75
1785156769.4155335,8,271.046875,2049.25
1785156769.4155335,10,272.71875,2047.5
1785156769.4155335,12,274.34375,2045.0
1785156769.4155335,11,277.609375,2044.5
1785156769.4155335,9,325.015625,3063.25
1785156769.4155335,14,326.640625,3143.25
1785156769.4155335,15,329.90625,3309.25
1785156769.4155335,11,344.5625,5141.75
1785156769.641386,15,352.71875,7043.75
1785156769.641386,15,358.03125,669.75
1785156769.641386,15,359.546875,665.25
1785156769.641386,15,1.125,674.25
1785156769.641386,15,5.84375,6672.25
1785156769.641386,15,7.484375,6699.25
1785156769.641386,15,12.203125,853.0
1785156769.641386,15,13.921875,844.75
1785156769.641386,15,15.390625,856.25
1785156769.641386,15,18.09375,1365.0
1785156769.641386,15,19.78125,1364.0
1785156769.641386,15,21.375,1368.0
1785156769.641386,15,24.609375,1437.75
1785156769.641386,15,47.25,106.75
1785156769.641386,15,51.6875,101.75
1785156769.641386,8,182.40625,10404.5
1785156769.641386,10,231.8125,2690.0
1785156769.641386,15,233.484375,2626.5
1785156769.641386,9,235.125,2566.0
1785156769.641386,15,236.765625,2524.5
1785156769.641386,13,238.390625,2478.75
1785156769.641386,15,321.84375,3049.25
1785156769.641386,15,325.09375,3223.75
1785156769.641386,5,328.34375,3374.75
1785156769.641386,11,342.953125,5116.5
1785156769.752258,15,352.734375,7049.0
1785156769.752258,15,358.046875,671.75
1785156769.752258,15,359.625,657.5
1785156769.752258,15,1.34375,654.25
1785156769.752258,15,2.90625,664.5
1785156769.752258,15,10.625,853.25
1785156769.752258,15,12.328125,848.5
1785156769.752258,15,16.53125,1365.0
1785156769.752258,15,18.1875,1356.25
1785156769.752258,15,19.828125,1355.0
1785156769.752258,15,23.0,1440.25
1785156769.752258,15,26.203125,1524.75
1785156769.752258,15,47.203125,106.25
1785156769.752258,7,245.171875,2388.0
1785156769.752258,9,305.8125,2383.0
1785156769.752258,11,327.0,3178.0
1785156769.752258,8,331.875,3538.0
1785156769.866568,15,353.0625,7013.5
1785156769.866568,15,354.6875,6986.0
1785156769.866568,15,356.34375,6978.75
1785156769.866568,15,357.984375,6952.25
1785156769.866568,15,1.265625,6590.5
1785156769.866568,15,6.53125,678.5
1785156769.866568,15,8.125,672.75
1785156769.866568,15,9.6875,673.5
1785156769.866568,15,16.796875,1344.0
1785156769.866568,15,18.375,1341.5
1785156769.866568,15,21.578125,1426.0
1785156769.866568,15,24.8125,1511.5
1785156769.866568,15,47.140625,106.25
1785156769.866568,15,164.859375,10365.0
1785156769.866568,8,182.828125,10286.0
1785156769.866568,9,243.828125,2446.25
1785156769.866568,8,245.453125,2399.0
1785156769.866568,13,325.703125,3144.0
1785156769.866568,11,333.828125,3796.25
1785156769.866568,11,338.734375,4414.0
1785156770.0889406,15,352.03125,7011.0
1785156770.0889406,15,353.6875,7018.0
1785156770.0889406,15,355.328125,7015.0
1785156770.0889406,15,356.953125,6965.5
1785156770.0889406,10,358.609375,6840.0
1785156770.0889406,15,0.25,6710.25
1785156770.0889406,15,5.046875,840.25
1785156770.0889406,15,6.78125,831.25
1785156770.0889406,15,8.3125,840.25
1785156770.0889406,15,14.15625,1326.5
1785156770.0889406,15,15.8125,1328.75
1785156770.0889406,15,19.0,1411.25
1785156770.0889406,15,22.25,1491.0
1785156770.0889406,15,25.484375,1545.25
1785156770.0889406,15,46.8125,107.0
1785156770.0889406,15,48.40625,105.0
1785156770.0889406,13,50.109375,102.25
1785156770.0889406,7,173.71875,10210.75
1785156770.0889406,15,231.28125,2902.25
1785156770.0889406,15,234.59375,2731.5
1785156770.0889406,11,236.25,2675.0
1785156770.0889406,10,237.890625,2611.5
1785156770.0889406,15,239.546875,2559.0
1785156770.0889406,10,241.203125,2509.0
1785156770.0889406,8,242.84375,2466.75
1785156770.0889406,8,244.515625,2421.0
1785156770.0889406,9,310.0,2491.5
1785156770.0889406,14,314.859375,2648.5
1785156770.0889406,15,318.125,2804.75
1785156770.0889406,8,329.59375,3341.0
1785156770.0889406,13,344.234375,5093.25
1785156770.3159645,15,352.734375,7046.25
1785156770.3159645,15,354.359375,7011.75
1785156770.3159645,15,356.0,6969.75
1785156770.3159645,12,357.65625,6901.25
1785156770.3159645,15,359.296875,6766.25
1785156770.3159645,15,5.796875,832.75
1785156770.3159645,15,7.421875,823.5
1785156770.3159645,15,8.96875,819.75
1785156770.3159645,15,10.703125,822.5
1785156770.3159645,15,12.203125,834.25
1785156770.3159645,15,19.71875,1444.0
1785156770.3159645,15,47.140625,106.5
1785156770.3159645,15,164.609375,10278.0
1785156770.3159645,8,225.53125,3112.5
1785156770.3159645,13,274.84375,2078.0
1785156770.3159645,14,335.3125,3727.75
1785156770.4266825,15,353.25,7034.75
1785156770.4266825,15,354.90625,7014.75
1785156770.4266825,15,356.546875,6980.5
1785156770.4266825,15,0.734375,1316.25
1785156770.4266825,15,2.296875,1326.5
1785156770.4266825,15,3.96875,1350.0
1785156770.4266825,15,5.65625,1348.0
1785156770.4266825,15,7.3125,1331.5
1785156770.4266825,15,8.9375,1321.75
1785156770.4266825,15,12.875,799.75
1785156770.4266825,15,14.578125,796.0
1785156770.4266825,15,16.109375,794.5
1785156770.4266825,15,17.859375,790.75
1785156770.4266825,15,19.421875,792.75
1785156770.4266825,15,21.109375,802.0
1785156770.4266825,15,48.421875,106.0
1785156770.4266825,15,165.140625,10284.0
1785156770.4266825,8,171.6875,10166.25
1785156770.4266825,7,173.328125,10137.0
1785156770.4266825,10,176.59375,10153.0
1785156770.4266825,15,237.546875,2498.0
1785156770.4266825,15,239.1875,2444.75
1785156770.4266825,15,268.796875,2013.75
1785156770.4266825,15,270.4375,2039.0
1785156770.4266825,12,272.015625,2041.0
1785156770.4266825,4,311.359375,2424.0
1785156770.4266825,9,312.96875,2462.75
1785156770.4266825,15,334.15625,3592.75
1785156770.6541052,15,354.25,7012.25
1785156770.6541052,15,358.40625,1313.0
1785156770.6541052,15,3.34375,1335.5
1785156770.6541052,15,4.96875,1319.5
1785156770.6541052,15,6.65625,1310.5
1785156770.6541052,15,8.328125,1311.5
1785156770.6541052,15,9.90625,1319.25
1785156770.6541052,15,13.09375,1421.25
1785156770.6541052,15,14.6875,1422.5
1785156770.6541052,15,16.34375,1395.75
1785156770.6541052,15,19.546875,1468.0
1785156770.6541052,15,22.828125,1554.5
1785156770.6541052,15,24.5,1525.0
1785156770.6541052,15,47.6875,106.5
1785156770.6541052,15,228.890625,2856.5
1785156770.6541052,9,230.546875,2802.0
1785156770.6541052,15,232.15625,2726.0
1785156770.6541052,15,233.84375,2662.0
1785156770.6541052,7,235.5,2594.25
1785156770.6541052,15,237.125,2520.5
1785156770.6541052,8,238.78125,2449.75
1785156770.6541052,11,266.796875,2019.0
1785156770.6541052,15,268.453125,2000.0
1785156770.6541052,15,270.09375,1995.75
1785156770.6541052,14,271.75,1992.25
1785156770.6541052,13,273.390625,1990.5
1785156770.6541052,15,274.921875,1991.75
1785156770.6541052,14,276.53125,1993.25
1785156770.6541052,13,278.15625,1997.5
1785156770.6541052,15,333.734375,3588.5
1785156770.878642,15,354.515625,1328.0
1785156770.878642,15,356.09375,1333.5
1785156770.878642,15,357.71875,1356.0
1785156770.878642,15,359.390625,1351.25
1785156770.878642,15,1.03125,1330.25
1785156770.878642,15,2.734375,1317.25
1785156770.878642,15,4.359375,1314.0
1785156770.878642,15,5.984375,1311.5
1785156770.878642,15,7.609375,1324.0
1785156770.878642,15,10.859375,1409.25
1785156770.878642,15,12.46875,1398.75
1785156770.878642,15,14.109375,1362.0
1785156770.878642,15,15.734375,1349.0
1785156770.878642,15,22.15625,1502.5
1785156770.878642,15,23.765625,1509.25
1785156770.878642,15,46.109375,107.25
1785156770.878642,15,48.375,105.25
1785156770.878642,15,236.25,2443.25
1785156770.878642,15,237.875,2376.5
1785156770.878642,10,239.546875,2312.25
1785156770.878642,15,254.3125,2031.0
1785156770.878642,15,255.96875,2018.75
1785156770.878642,15,257.59375,1998.0
1785156770.878642,15,259.265625,1985.25
1785156770.878642,15,260.859375,1977.25
1785156770.878642,15,262.515625,1964.75
1785156770.878642,15,264.171875,1954.75
1785156770.878642,15,280.484375,1946.75
1785156770.878642,15,282.140625,1954.75
1785156770.878642,15,283.796875,1969.5
1785156770.878642,15,285.421875,1976.0
1785156770.878642,15,287.046875,1982.5
1785156770.878642,15,288.640625,1998.0
1785156770.990869,15,353.078125,1334.75
1785156770.990869,15,354.6875,1342.5
1785156770.990869,15,356.3125,1361.5
1785156770.990869,15,357.90625,1354.0
1785156770.990869,15,359.625,1335.0
1785156770.990869,15,1.21875,1319.25
1785156770.990869,15,2.890625,1314.5
1785156770.990869,15,4.515625,1312.0
1785156770.990869,15,9.390625,1407.5
1785156770.990869,15,11.0625,1377.25
1785156770.990869,15,16.078125,1249.25
1785156770.990869,15,17.640625,1237.5
1785156770.990869,15,47.171875,107.0
1785156770.990869,15,49.40625,105.0
1785156770.990869,15,50.40625,102.25
1785156770.990869,8,173.78125,10119.25
1785156770.990869,9,183.640625,10151.25
1785156770.990869,15,202.125,2587.75
1785156770.990869,13,226.625,2805.25
1785156770.990869,15,228.28125,2761.5
1785156770.990869,10,229.921875,2705.25
1785156770.990869,14,236.53125,2455.0
1785156770.990869,8,238.15625,2400.5
1785156770.990869,15,243.125,2266.0
1785156770.990869,10,254.65625,2080.25
1785156770.990869,15,257.921875,2045.0
1785156770.990869,8,261.203125,2012.5
1785156770.990869,10,262.828125,2005.5
1785156770.990869,14,264.484375,2001.75
1785156770.990869,11,266.109375,2000.25
1785156770.990869,10,269.421875,1996.0
1785156770.990869,11,271.046875,1990.75
1785156770.990869,8,272.671875,1993.0
1785156770.990869,12,274.3125,1992.5
1785156770.990869,12,277.546875,1995.0
1785156770.990869,12,279.171875,2001.0
1785156770.990869,15,280.8125,2007.75
1785156770.990869,15,282.46875,2017.25
1785156770.990869,15,284.0625,2025.0
1785156770.990869,15,285.6875,2031.25
1785156770.990869,15,287.328125,2039.0
1785156770.990869,15,288.96875,2049.0
1785156770.990869,11,290.625,2068.75
1785156771.2155054,15,355.625,1352.5
1785156771.2155054,15,357.25,1334.5
1785156771.2155054,15,358.875,1324.75
1785156771.2155054,15,0.5625,1318.75
1785156771.2155054,15,2.21875,1313.75
1785156771.2155054,15,48.40625,106.25
1785156771.2155054,9,181.328125,10156.25
1785156771.2155054,9,184.609375,10214.5
1785156771.2155054,8,221.0,3084.5
1785156771.2155054,15,225.96875,2723.0
1785156771.2155054,15,227.578125,2693.25
1785156771.2155054,15,229.203125,2655.0
1785156771.2155054,10,232.546875,2521.75
1785156771.2155054,7,234.171875,2474.25
1785156771.2155054,10,235.828125,2424.25
1785156771.2155054,15,267.125,1997.5
1785156771.2155054,15,268.765625,1998.5
1785156771.2155054,13,270.390625,2002.25
1785156771.2155054,12,273.6875,1999.25
1785156771.2155054,10,275.265625,2001.25
1785156771.2155054,14,276.90625,2002.0
1785156771.2155054,13,278.546875,2002.25
1785156771.2155054,15,285.109375,2018.25
1785156771.2155054,15,312.9375,2405.75
1785156771.2155054,11,314.5625,2436.75
1785156771.2155054,15,349.578125,1356.75
1785156771.3276255,15,351.21875,1376.25
1785156771.3276255,15,352.8125,1377.0
1785156771.3276255,15,354.53125,1355.0
1785156771.3276255,15,356.203125,1336.75
1785156771.3276255,15,357.796875,1327.5
1785156771.3276255,15,359.5,1315.25
1785156771.3276255,15,1.078125,1321.75
1785156771.3276255,15,46.84375,108.0
1785156771.3276255,15,47.75,105.5
1785156771.3276255,8,224.9375,2691.75
1785156771.3276255,10,226.625,2678.5
1785156771.3276255,12,228.25,2627.0
1785156771.3276255,12,231.546875,2478.75
1785156771.3276255,9,253.046875,1994.25
1785156771.3276255,12,290.65625,1987.75
1785156771.3276255,11,292.25,1996.5
1785156771.3276255,9,313.53125,2399.0
1785156771.3276255,15,315.140625,2452.25
1785156771.3276255,10,316.78125,2523.75
1785156771.3276255,15,346.890625,1362.25
1785156771.3276255,15,350.140625,1368.25
1785156771.5542986,15,352.140625,1356.5
1785156771.5542986,15,353.828125,1340.5
1785156771.5542986,15,355.453125,1327.0
1785156771.5542986,15,16.640625,1436.25
1785156771.5542986,15,47.359375,106.25
1785156771.5542986,8,181.015625,10011.25
1785156771.5542986,7,185.921875,10124.25
1785156771.5542986,5,220.578125,3080.5
1785156771.5542986,15,225.546875,2710.5
1785156771.5542986,11,227.25,2697.5
1785156771.5542986,9,230.546875,2578.0
1785156771.5542986,13,233.828125,2448.75
1785156771.5542986,15,237.171875,2324.25
1785156771.5542986,10,260.109375,1999.25
1785156771.5542986,10,261.75,1998.0
1785156771.5542986,12,263.390625,1991.0
1785156771.5542986,11,284.65625,1980.5
1785156771.5542986,12,286.296875,1982.75
1785156771.5542986,13,287.90625,1989.75
1785156771.5542986,11,289.515625,1998.0
1785156771.5542986,15,291.15625,2001.25
1785156771.5542986,15,292.8125,2009.5
1785156771.5542986,12,314.09375,2383.0
1785156771.5542986,10,315.75,2447.75
1785156771.5542986,15,344.1875,1387.5
1785156771.5542986,15,347.390625,1392.25
1785156771.5542986,15,349.109375,1387.25
1785156771.5542986,15,350.6875,1368.5
1785156771.66525,15,352.390625,1355.75
1785156771.66525,15,354.046875,1332.25
1785156771.66525,15,15.15625,1433.25
1785156771.66525,15,47.65625,106.0
1785156771.66525,15,170.015625,9988.75
1785156771.66525,7,184.6875,10135.75
1785156771.66525,15,222.75,2865.5
1785156771.66525,15,226.0625,2662.0
1785156771.66525,15,227.65625,2600.75
1785156771.66525,15,229.296875,2536.25
1785156771.66525,12,230.96875,2483.0
1785156771.66525,15,232.609375,2439.5
1785156771.66525,11,291.546875,1991.25
1785156771.66525,10,311.265625,2284.75
1785156771.66525,3,312.90625,2323.75
1785156771.66525,12,314.5625,2383.75
1785156771.66525,15,342.890625,1398.0
1785156771.66525,15,346.15625,1403.0
1785156771.66525,15,347.796875,1397.5
1785156771.66525,15,349.40625,1376.5
1785156771.66525,15,351.109375,1363.5
1785156771.8910844,15,10.921875,1417.5
1785156771.8910844,15,12.53125,1425.75
1785156771.8910844,15,46.9375,107.5
1785156771.8910844,15,48.40625,105.5
1785156771.8910844,15,170.28125,9908.5
1785156771.8910844,7,180.09375,9999.5
1785156771.8910844,12,224.75,2603.5
1785156771.8910844,13,228.015625,2490.0
1785156771.8910844,11,229.671875,2436.5
1785156771.8910844,11,231.3125,2373.0
1785156771.8910844,11,232.96875,2307.0
1785156771.8910844,8,249.453125,1993.5
1785156771.8910844,10,290.3125,1984.75
1785156771.8910844,13,291.953125,1989.0
1785156771.8910844,7,313.140625,2327.0
1785156771.8910844,15,339.890625,1430.5
1785156771.8910844,15,343.109375,1434.0
1785156771.8910844,15,344.796875,1427.25
1785156771.8910844,15,346.453125,1398.0
1785156771.8910844,15,348.015625,1384.5
1785156772.0024443,15,9.390625,1413.75
1785156772.0024443,15,10.96875,1415.0
1785156772.0024443,15,45.578125,107.5
1785156772.0024443,15,49.359375,105.5
1785156772.0024443,15,170.328125,9923.0
1785156772.0024443,9,218.171875,2982.0
1785156772.0024443,15,221.5,2777.5
1785156772.0024443,14,224.8125,2588.0
1785156772.0024443,15,226.421875,2538.25
1785156772.0024443,13,228.09375,2490.5
1785156772.0024443,15,229.765625,2436.75
1785156772.0024443,15,231.40625,2373.0
1785156772.0024443,14,233.0625,2319.25
1785156772.0024443,15,234.71875,2272.25
1785156772.0024443,11,295.296875,1998.5
1785156772.0024443,15,296.90625,1999.25
1785156772.0024443,12,298.53125,2003.5
1785156772.0024443,2,313.296875,2328.0
1785156772.0024443,11,316.53125,2465.0
1785156772.0024443,15,341.515625,1446.25
1785156772.0024443,15,343.203125,1444.25
1785156772.0024443,15,344.796875,1418.25
1785156772.1160822,15,7.796875,1421.75
1785156772.1160822,15,9.46875,1419.0
1785156772.1160822,13,13.484375,6825.75
1785156772.1160822,15,46.03125,107.0
1785156772.1160822,15,48.734375,105.25
1785156772.1160822,15,170.53125,9982.5
1785156772.1160822,12,219.921875,2829.25
1785156772.1160822,6,223.21875,2604.25
1785156772.1160822,14,224.84375,2571.25
1785156772.1160822,15,228.203125,2445.5
1785156772.1160822,11,229.859375,2387.0
1785156772.1160822,9,243.03125,2024.0
1785156772.1160822,12,267.640625,1810.75
1785156772.1160822,15,313.34375,2392.0
1785156772.1160822,9,316.5625,2521.25
1785156772.1160822,15,338.328125,1461.25
1785156772.1160822,9,339.96875,1486.75
1785156772.1160822,15,343.359375,1434.0
1785156772.3391182,15,356.828125,1121.25
1785156772.3391182,15,4.703125,1383.0
1785156772.3391182,15,6.40625,1385.5
1785156772.3391182,15,12.0,6779.75
1785156772.3391182,15,13.625,6823.0
1785156772.3391182,15,47.578125,106.75
1785156772.3391182,15,49.515625,105.0
1785156772.3391182,15,170.5,9936.0
1785156772.3391182,15,172.140625,9827.75
1785156772.3391182,8,180.3125,10169.75
1785156772.3391182,8,181.953125,10173.75
1785156772.3391182,15,221.59375,2833.25
1785156772.3391182,10,224.890625,2623.5
1785156772.3391182,12,226.546875,2590.0
1785156772.3391182,15,228.171875,2536.25
1785156772.3391182,5,229.828125,2473.0
1785156772.3391182,13,231.515625,2413.25
1785156772.3391182,13,247.984375,1997.75
1785156772.3391182,8,275.796875,1805.5
1785156772.3391182,13,295.328125,1978.5
1785156772.3391182,15,298.734375,1994.75
1785156772.3391182,15,316.65625,2457.25
1785156772.3391182,9,324.8125,2857.25
1785156772.3391182,15,338.375,1504.25
1785156772.3391182,15,340.03125,1496.5
1785156772.3391182,15,343.390625,1397.25
1785156772.3391182,15,345.078125,1386.75
1785156772.3391182,10,348.609375,1064.75
1785156772.3391182,9,350.171875,1059.0
1785156772.4537728,15,355.046875,1133.0
1785156772.4537728,15,1.375,1369.0
1785156772.4537728,15,3.0,1357.5
1785156772.4537728,15,4.609375,1376.25
1785156772.4537728,15,7.09375,6672.75
1785156772.4537728,15,8.734375,6734.0
1785156772.4537728,15,10.375,6743.5
1785156772.4537728,15,11.984375,6779.25
1785156772.4537728,15,13.640625,6817.0
1785156772.4537728,15,46.796875,106.75
1785156772.4537728,15,49.265625,105.0
1785156772.4537728,15,51.234375,102.0
1785156772.4537728,15,170.609375,9964.0
1785156772.4537728,15,172.265625,9872.25
1785156772.4537728,15,225.109375,2624.25
1785156772.4537728,5,226.71875,2564.25
1785156772.4537728,13,228.375,2503.25
1785156772.4537728,13,230.03125,2445.75
1785156772.4537728,2,231.6875,2380.25
1785156772.4537728,8,233.328125,2315.75
1785156772.4537728,14,293.84375,1998.75
1785156772.4537728,15,335.234375,1522.75
1785156772.4537728,15,338.546875,1537.25
1785156772.4537728,15,341.875,1412.75
1785156772.4537728,15,343.546875,1399.5
1785156772.4537728,15,346.9375,1305.25
1785156772.5648844,15,351.921875,1153.5
1785156772.5648844,15,358.203125,1438.5
1785156772.5648844,15,1.625,1335.5
1785156772.5648844,15,3.234375,1347.5
1785156772.5648844,15,8.921875,6703.0
1785156772.5648844,15,10.515625,6705.75
1785156772.5648844,15,12.15625,6765.75
1785156772.5648844,15,13.78125,6826.5
1785156772.5648844,15,46.03125,106.5
1785156772.5648844,15,51.4375,101.5
1785156772.5648844,15,170.65625,9977.0
1785156772.5648844,15,172.3125,9917.0
1785156772.5648844,12,228.421875,2547.0
1785156772.5648844,9,230.09375,2483.75
1785156772.5648844,10,249.84375,1995.25
1785156772.5648844,12,295.59375,1984.25
1785156772.5648844,15,298.9375,1992.5
1785156772.5648844,12,311.984375,2288.75
1785156772.5648844,9,315.234375,2423.0
1785156772.5648844,15,316.859375,2483.5
1785156772.5648844,8,318.46875,2552.5
1785156772.5648844,8,321.703125,2719.0
1785156772.5648844,15,338.53125,1521.0
1785156772.5648844,15,341.96875,1399.75
1785156772.5648844,15,350.3125,1181.5
1785156772.6771314,15,355.046875,1448.5
1785156772.6771314,15,356.640625,1446.75
1785156772.6771314,15,0.015625,1347.25
1785156772.6771314,15,1.6875,1352.0
1785156772.6771314,15,5.71875,6657.25
1785156772.6771314,15,7.375,6693.25
1785156772.6771314,15,9.0,6708.75
1785156772.6771314,15,10.578125,6735.5
1785156772.6771314,15,12.21875,6771.0
1785156772.6771314,15,13.859375,6830.5
1785156772.6771314,15,47.859375,106.5
1785156772.6771314,15,51.859375,101.75
1785156772.6771314,15,170.828125,10024.25
1785156772.6771314,15,172.46875,9884.0
1785156772.6771314,6,225.203125,2666.5
1785156772.6771314,15,226.84375,2614.25
1785156772.6771314,9,228.46875,2551.75
1785156772.6771314,10,230.140625,2495.75
1785156772.6771314,9,233.40625,2366.75
1785156772.6771314,11,235.0625,2304.25
1785156772.6771314,8,251.515625,1990.0
1785156772.6771314,8,294.046875,1982.75
1785156772.6771314,14,295.6875,1988.0
1785156772.6771314,7,323.4375,2684.0
1785156772.6771314,15,340.3125,1411.5
1785156772.7907486,15,353.40625,1459.25
1785156772.7907486,15,355.046875,1462.5
1785156772.7907486,15,356.6875,1459.5
1785156772.7907486,15,0.046875,1386.0
1785156772.7907486,15,1.65625,1404.75
1785156772.7907486,15,7.375,6694.75
1785156772.7907486,15,9.015625,6712.0
1785156772.7907486,15,10.65625,6705.75
1785156772.7907486,15,12.28125,6737.25
1785156772.7907486,15,13.921875,6834.5
1785156772.7907486,15,46.28125,106.5
1785156772.7907486,15,169.203125,10119.25
1785156772.7907486,15,170.84375,10026.25
1785156772.7907486,15,172.484375,9887.0
1785156772.7907486,15,213.734375,2891.0
1785156772.7907486,15,225.21875,2603.75
1785156772.7907486,15,226.859375,2541.75
1785156772.7907486,14,228.484375,2482.0
1785156772.7907486,15,231.78125,2334.75
1785156772.7907486,15,233.4375,2282.0
1785156772.7907486,11,235.078125,2244.25
1785156772.7907486,13,244.921875,2027.75
1785156772.7907486,10,246.5625,1992.5
1785156772.7907486,9,292.328125,1982.0
1785156772.7907486,10,293.953125,1978.75
1785156772.7907486,15,295.5625,1989.0
1785156772.7907486,15,297.203125,2015.75
1785156772.7907486,12,315.15625,2441.25
1785156772.7907486,15,336.90625,1466.25
1785156772.7907486,15,338.5625,1432.5
1785156772.7907486,15,343.828125,1117.5
1785156772.7907486,15,345.390625,1101.5
1785156773.016428,15,353.234375,1499.0
1785156773.016428,15,354.921875,1483.5
1785156773.016428,15,356.546875,1478.0
1785156773.016428,15,358.1875,1468.25
1785156773.016428,15,359.796875,1465.25
1785156773.016428,15,5.59375,6696.0
1785156773.016428,15,7.25,6687.5
1785156773.016428,15,8.875,6704.25
1785156773.016428,15,10.421875,6711.0
1785156773.016428,15,12.046875,6737.75
1785156773.016428,15,13.671875,6796.75
1785156773.016428,15,45.90625,106.75
1785156773.016428,15,49.375,104.75
1785156773.016428,15,51.140625,102.0
1785156773.016428,15,170.484375,10054.25
1785156773.016428,15,172.125,9985.75
1785156773.016428,8,181.9375,10014.25
1785156773.016428,15,214.96875,2885.5
1785156773.016428,15,226.5,2512.75
1785156773.016428,8,228.15625,2459.0
1785156773.016428,11,244.703125,2008.25
1785156773.016428,8,269.21875,1806.75
1785156773.016428,13,270.890625,1807.75
1785156773.016428,9,272.53125,1804.5
1785156773.016428,11,275.75,1804.0
1785156773.016428,8,277.359375,1810.25
1785156773.016428,10,296.84375,1984.5
1785156773.016428,11,314.78125,2428.0
1785156773.016428,8,316.4375,2476.25
1785156773.016428,7,319.671875,2630.75
1785156773.016428,15,341.75,1156.5
1785156773.016428,15,343.375,1137.25
1785156773.016428,15,345.03125,1132.75
1785156773.016428,15,346.703125,1145.5
1785156773.1292355,15,352.921875,1479.25
1785156773.1292355,15,354.59375,1472.5
1785156773.1292355,15,356.234375,1452.5
1785156773.1292355,15,357.84375,1446.25
1785156773.1292355,15,359.46875,1468.0
1785156773.1292355,15,5.265625,6696.0
1785156773.1292355,15,6.921875,6683.5
1785156773.1292355,15,8.546875,6696.0
1785156773.1292355,15,10.1875,6744.0
1785156773.1292355,15,11.71875,6788.25
1785156773.1292355,15,13.328125,6826.0
1785156773.1292355,15,47.359375,107.25
1785156773.1292355,15,47.828125,105.25
1785156773.1292355,15,171.859375,9933.75
1785156773.1292355,15,173.5,9796.75
1785156773.1292355,13,226.28125,2550.75
1785156773.1292355,15,227.921875,2489.25
1785156773.1292355,15,229.5625,2429.75
1785156773.1292355,15,242.734375,2043.75
1785156773.1292355,15,244.40625,2008.25
1785156773.1292355,12,246.03125,1981.0
1785156773.1292355,12,267.4375,1796.25
1785156773.1292355,13,269.0625,1798.5
1785156773.1292355,10,270.640625,1794.75
1785156773.1292355,15,272.296875,1786.5
1785156773.1292355,15,273.953125,1784.0
1785156773.1292355,15,275.53125,1790.0
1785156773.1292355,12,277.171875,1799.25
1785156773.1292355,15,278.78125,1803.0
1785156773.1292355,15,280.40625,1805.0
1785156773.1292355,9,282.046875,1808.75
1785156773.1292355,15,283.703125,1815.25
1785156773.1292355,15,285.265625,1826.75
1785156773.1292355,11,286.9375,1837.75
1785156773.1292355,15,295.0625,1929.25
1785156773.1292355,15,296.671875,1944.75
1785156773.1292355,12,298.3125,1971.25
1785156773.1292355,14,300.0625,1993.25
1785156773.1292355,8,317.984375,2475.75
1785156773.1292355,15,340.0,1151.0
1785156773.1292355,15,341.71875,1133.0
1785156773.1292355,15,343.28125,1135.5
1785156773.2405393,15,351.078125,1511.5
1785156773.2405393,15,352.75,1488.0
1785156773.2405393,15,354.40625,1483.0
1785156773.2405393,15,356.046875,1486.5
1785156773.2405393,15,357.640625,1491.75
1785156773.2405393,15,3.4375,6691.75
1785156773.2405393,15,5.0625,6698.75
1785156773.2405393,15,6.703125,6737.0
1785156773.2405393,15,8.34375,6739.75
1785156773.2405393,15,9.96875,6719.75
1785156773.2405393,15,11.640625,6731.25
1785156773.2405393,15,13.28125,6792.75
1785156773.2405393,15,46.515625,107.75
1785156773.2405393,15,48.46875,105.5
1785156773.2405393,15,170.1875,10069.25
1785156773.2405393,15,171.828125,10015.75
1785156773.2405393,15,173.453125,10019.75
1785156773.2405393,15,221.265625,2725.75
1785156773.2405393,15,224.59375,2564.25
1785156773.2405393,14,226.21875,2495.5
1785156773.2405393,9,229.515625,2348.0
1785156773.2405393,15,231.171875,2286.75
1785156773.2405393,15,239.390625,2049.5
1785156773.2405393,15,241.015625,2014.25
1785156773.2405393,15,242.6875,1983.0
1785156773.2405393,15,244.296875,1962.25
1785156773.2405393,9,245.9375,1942.0
1785156773.2405393,14,257.421875,1846.5
1785156773.2405393,15,259.09375,1826.75
1785156773.2405393,15,260.6875,1820.5
1785156773.2405393,15,262.390625,1816.75
1785156773.2405393,15,263.96875,1795.5
1785156773.2405393,15,265.609375,1781.75
1785156773.2405393,15,267.234375,1783.25
1785156773.2405393,15,268.90625,1779.5
1785156773.2405393,15,270.5625,1774.25
1785156773.2405393,15,272.171875,1767.0
1785156773.2405393,15,273.8125,1765.0
1785156773.2405393,15,275.421875,1768.0
1785156773.2405393,15,277.046875,1772.75
1785156773.2405393,15,278.703125,1772.5
1785156773.2405393,15,280.34375,1774.25
1785156773.2405393,15,281.921875,1782.5
1785156773.2405393,15,283.59375,1788.75
1785156773.2405393,15,285.234375,1793.25
1785156773.2405393,15,286.8125,1803.0
1785156773.2405393,15,288.484375,1819.75
1785156773.2405393,15,290.078125,1822.0
1785156773.2405393,13,298.1875,1937.5
1785156773.2405393,15,299.984375,1959.25
1785156773.2405393,15,301.59375,1984.0
1785156773.2405393,15,303.21875,2012.0
1785156773.2405393,15,304.875,2038.5
1785156773.2405393,8,319.515625,2519.0
1785156773.2405393,9,321.140625,2577.75
1785156773.2405393,15,338.203125,1154.0
1785156773.2405393,15,339.859375,1136.0
1785156773.2405393,15,341.5,1140.0
1785156773.2405393,15,347.65625,1515.75
1785156773.2405393,15,349.34375,1510.25
1785156773.2405393,15,350.953125,1489.5
1785156773.3550897,15,352.609375,1479.25
1785156773.3550897,15,354.25,1478.25
1785156773.3550897,15,355.859375,1485.5
1785156773.3550897,15,1.671875,6720.0
1785156773.3550897,15,3.296875,6697.75
1785156773.3550897,15,4.921875,6690.75
1785156773.3550897,15,6.578125,6735.5
1785156773.3550897,15,8.203125,6727.0
1785156773.3550897,15,9.84375,6701.5
1785156773.3550897,15,11.46875,6721.25
1785156773.3550897,15,13.09375,6813.25
1785156773.3550897,15,47.03125,108.0
1785156773.3550897,15,48.703125,105.5
1785156773.3550897,10,171.515625,9872.0
1785156773.3550897,15,173.15625,9847.75
1785156773.3550897,15,217.671875,2928.0
1785156773.3550897,11,219.34375,2857.25
1785156773.3550897,15,221.0,2775.5
1785156773.3550897,12,224.265625,2591.25
1785156773.3550897,15,227.53125,2449.5
1785156773.3550897,15,230.84375,2290.25
1785156773.3550897,15,239.078125,2051.5
1785156773.3550897,15,240.71875,2021.0
1785156773.3550897,15,242.375,1990.5
1785156773.3550897,15,244.015625,1970.5
1785156773.3550897,12,245.625,1951.75
1785156773.3550897,15,258.8125,1846.75
1785156773.3550897,12,260.390625,1825.25
1785156773.3550897,15,262.078125,1824.75
1785156773.3550897,15,263.6875,1814.25
1785156773.3550897,15,265.3125,1801.25
1785156773.3550897,15,266.9375,1793.25
1785156773.3550897,15,268.625,1784.0
1785156773.3550897,15,270.21875,1785.0
1785156773.3550897,15,271.859375,1793.5
1785156773.3550897,15,273.515625,1794.25
1785156773.3550897,15,275.140625,1797.0
1785156773.3550897,15,276.75,1800.5
1785156773.3550897,15,278.375,1808.5
1785156773.3550897,13,280.03125,1815.0
1785156773.3550897,15,281.65625,1817.5
1785156773.3550897,15,283.28125,1827.0
1785156773.3550897,10,289.8125,1842.25
1785156773.3550897,15,296.28125,1960.25
1785156773.3550897,15,297.921875,1978.25
1785156773.3550897,15,299.609375,2002.0
1785156773.3550897,15,301.25,2024.75
1785156773.3550897,15,302.84375,2050.5
1785156773.3550897,9,304.515625,2084.25
1785156773.3550897,8,320.765625,2587.25
1785156773.3550897,15,337.953125,1149.75
1785156773.3550897,15,339.578125,1147.0
1785156773.3550897,15,341.1875,1165.5
1785156773.3550897,15,347.4375,1519.0
1785156773.3550897,15,349.09375,1500.5
1785156773.4670146,15,352.375,1491.75
1785156773.4670146,15,353.96875,1492.25
1785156773.4670146,15,355.609375,1507.0
1785156773.4670146,15,358.140625,6717.0
1785156773.4670146,15,359.78125,6703.0
1785156773.4670146,15,1.40625,6713.0
1785156773.4670146,15,3.0625,6724.25
1785156773.4670146,15,4.703125,6711.5
1785156773.4670146,15,6.34375,6686.25
1785156773.4670146,15,7.96875,6675.0
1785156773.4670146,15,9.609375,6713.0
1785156773.4670146,15,11.28125,6744.0
1785156773.4670146,15,12.890625,6782.75
1785156773.4670146,11,26.015625,7484.0
1785156773.4670146,15,46.90625,106.0
1785156773.4670146,15,171.265625,9891.75
1785156773.4670146,15,172.90625,9832.5
1785156773.4670146,9,181.171875,9961.25
1785156773.4670146,10,184.4375,10100.0
1785156773.4670146,15,217.453125,2946.25
1785156773.4670146,10,219.109375,2910.25
1785156773.4670146,15,222.40625,2727.25
1785156773.4670146,15,224.0625,2655.25
1785156773.4670146,15,225.71875,2586.5
1785156773.4670146,10,230.65625,2348.25
1785156773.4670146,15,232.328125,2290.0
1785156773.4670146,15,242.1875,2022.75
1785156773.4670146,15,243.8125,1994.25
1785156773.4670146,15,245.46875,1974.25
1785156773.4670146,15,247.109375,1955.5
1785156773.4670146,13,260.296875,1809.25
1785156773.4670146,15,261.9375,1801.75
1785156773.4670146,15,263.546875,1788.0
1785156773.4670146,15,265.234375,1774.0
1785156773.4670146,15,266.8125,1764.25
1785156773.4670146,15,268.484375,1749.75
1785156773.4670146,15,270.140625,1746.5
1785156773.4670146,15,271.71875,1758.5
1785156773.4670146,15,273.390625,1761.25
1785156773.4670146,15,275.03125,1762.75
1785156773.4670146,15,276.671875,1758.0
1785156773.4670146,15,278.296875,1762.5
1785156773.4670146,15,279.890625,1777.25
1785156773.4670146,15,281.546875,1778.0
1785156773.4670146,15,283.15625,1783.5
1785156773.4670146,15,284.796875,1796.25
1785156773.4670146,15,286.421875,1803.25
1785156773.4670146,15,288.078125,1818.0
1785156773.4670146,15,289.71875,1828.5
1785156773.4670146,15,299.484375,1949.0
1785156773.4670146,15,301.078125,1966.75
1785156773.4670146,15,302.71875,1993.0
1785156773.4670146,15,304.328125,2018.25
1785156773.4670146,13,306.0,2041.75
1785156773.4670146,15,336.0625,1167.25
1785156773.4670146,15,337.71875,1158.25
1785156773.4670146,15,339.359375,1175.5
1785156773.4670146,15,345.609375,1524.75
1785156773.4670146,15,347.234375,1506.5
1785156773.5808399,15,352.1875,1491.25
1785156773.5808399,15,353.8125,1500.0
1785156773.5808399,15,359.625,6677.5
1785156773.5808399,15,1.28125,6675.25
1785156773.5808399,15,2.921875,6693.25
1785156773.5808399,15,4.5625,6703.0
1785156773.5808399,15,6.1875,6729.75
1785156773.5808399,15,7.828125,6731.25
1785156773.5808399,15,9.46875,6707.25
1785156773.5808399,15,11.09375,6736.25
1785156773.5808399,15,12.734375,6800.5
1785156773.5808399,15,47.640625,106.0
1785156773.5808399,15,171.265625,9894.25
1785156773.5808399,15,172.890625,9888.5
1785156773.5808399,15,174.53125,9869.0
1785156773.5808399,8,219.03125,2895.5
1785156773.5808399,15,223.96875,2612.5
1785156773.5808399,15,225.640625,2547.75
1785156773.5808399,15,227.265625,2481.5
1785156773.5808399,15,232.25,2277.5
1785156773.5808399,15,240.46875,2055.75
1785156773.5808399,15,242.125,2026.0
1785156773.5808399,15,243.734375,1998.75
1785156773.5808399,15,245.375,1975.75
1785156773.5808399,13,247.015625,1961.75
1785156773.5808399,13,263.484375,1829.25
1785156773.5808399,15,265.140625,1810.75
1785156773.5808399,15,266.796875,1805.0
1785156773.5808399,15,268.4375,1795.0
1785156773.5808399,15,270.046875,1795.25
1785156773.5808399,15,271.71875,1808.75
1785156773.5808399,15,273.328125,1807.75
1785156773.5808399,15,274.890625,1810.5
1785156773.5808399,15,276.5,1811.25
1785156773.5808399,15,278.171875,1817.0
1785156773.5808399,15,279.796875,1825.75
1785156773.5808399,9,281.40625,1833.25
1785156773.5808399,9,284.65625,1838.5
1785156773.5808399,15,296.046875,1952.5
1785156773.5808399,15,297.703125,1969.5
1785156773.5808399,15,299.421875,1983.5
1785156773.5808399,15,301.03125,2010.75
1785156773.5808399,15,302.671875,2034.75
1785156773.5808399,11,314.09375,2310.25
1785156773.5808399,9,318.9375,2499.5
1785156773.5808399,8,320.546875,2555.75
1785156773.5808399,7,323.84375,2715.75
1785156773.5808399,15,334.421875,1185.0
1785156773.5808399,15,336.046875,1176.25
1785156773.5808399,15,337.65625,1191.5
1785156773.5808399,15,343.953125,1532.25
1785156773.5808399,15,345.578125,1517.75
1785156773.5808399,15,348.90625,1504.0
1785156773.5808399,15,350.546875,1488.0
1785156773.69192,15,352.15625,1489.75
1785156773.69192,15,358.0,6715.5
1785156773.69192,15,359.640625,6685.0
1785156773.69192,15,1.296875,6678.5
1785156773.69192,15,2.921875,6693.75
1785156773.69192,15,4.5625,6700.0
1785156773.69192,15,6.21875,6692.0
1785156773.69192,15,7.84375,6700.5
1785156773.69192,15,9.484375,6737.5
1785156773.69192,15,11.046875,6760.75
1785156773.69192,15,12.6875,6818.25
1785156773.69192,15,14.3125,6877.25
1785156773.69192,15,48.203125,106.5
1785156773.69192,15,172.90625,9889.75
1785156773.69192,15,174.546875,9860.5
1785156773.69192,10,182.71875,10172.75
1785156773.69192,15,217.375,3022.75
1785156773.69192,14,222.359375,2723.75
1785156773.69192,15,223.984375,2646.0
1785156773.69192,12,227.3125,2486.5
1785156773.69192,10,232.25,2266.75
1785156773.69192,15,240.484375,2045.5
1785156773.69192,15,242.125,2022.75
1785156773.69192,15,243.796875,1992.75
1785156773.69192,15,245.421875,1971.0
1785156773.69192,12,247.078125,1954.75
1785156773.69192,14,261.921875,1820.5
1785156773.69192,15,263.546875,1805.75
1785156773.69192,15,265.1875,1788.0
1785156773.69192,15,266.84375,1778.75
1785156773.69192,15,268.453125,1760.5
1785156773.69192,15,270.0625,1758.25
1785156773.69192,15,271.765625,1771.75
1785156773.69192,15,273.359375,1767.75
1785156773.69192,15,274.921875,1771.0
1785156773.69192,15,276.53125,1773.0
1785156773.69192,15,278.21875,1775.0
1785156773.69192,15,279.828125,1780.75
1785156773.69192,15,281.4375,1778.0
1785156773.69192,15,283.078125,1783.0
1785156773.69192,15,284.703125,1798.0
1785156773.69192,12,286.359375,1811.25
1785156773.69192,14,287.984375,1825.25
1785156773.69192,15,289.578125,1832.25
1785156773.69192,10,292.828125,1845.75
1785156773.69192,15,299.4375,1953.0
1785156773.69192,15,301.046875,1979.25
1785156773.69192,15,302.671875,2011.25
1785156773.69192,15,304.34375,2027.75
1785156773.69192,9,305.9375,2055.25
1785156773.69192,13,314.0625,2263.25
1785156773.69192,15,332.796875,1208.75
1785156773.69192,15,334.390625,1195.5
1785156773.69192,15,336.03125,1206.25
1785156773.69192,15,342.328125,1544.0
1785156773.69192,15,343.984375,1529.0
1785156773.69192,15,348.859375,1475.0
1785156773.69192,15,350.5,1485.0
1785156773.803214,15,352.15625,1518.25
1785156773.803214,15,354.6875,6665.5
1785156773.803214,15,356.34375,6676.5
1785156773.803214,15,357.984375,6687.25
1785156773.803214,15,359.609375,6682.0
1785156773.803214,15,1.25,6674.75
1785156773.803214,15,2.890625,6683.75
1785156773.803214,15,4.53125,6694.5
1785156773.803214,15,6.1875,6693.0
1785156773.803214,15,7.8125,6697.5
1785156773.803214,15,9.453125,6711.25
1785156773.803214,15,10.984375,6743.5
1785156773.803214,15,12.625,6816.75
1785156773.803214,15,14.25,6866.5
1785156773.803214,15,47.3125,106.5
1785156773.803214,15,171.15625,10032.25
1785156773.803214,15,172.796875,9995.25
1785156773.803214,15,174.4375,9854.25
1785156773.803214,13,189.0625,10700.75
1785156773.803214,15,220.5,2877.75
1785156773.803214,15,225.46875,2618.75
1785156773.803214,9,233.765625,2255.75
1785156773.803214,15,241.984375,2044.75
1785156773.803214,15,243.609375,2019.25
1785156773.803214,15,245.28125,1999.0
1785156773.803214,15,246.90625,1981.5
1785156773.803214,15,248.546875,1966.5
1785156773.803214,9,250.203125,1951.25
1785156773.803214,13,261.71875,1832.0
1785156773.803214,15,263.328125,1809.0
1785156773.803214,15,265.015625,1795.0
1785156773.803214,15,266.671875,1792.75
1785156773.803214,15,268.28125,1781.25
1785156773.803214,15,269.921875,1779.0
1785156773.803214,15,271.546875,1787.0
1785156773.803214,15,273.1875,1786.0
1785156773.803214,15,274.859375,1790.25
1785156773.803214,15,276.375,1792.5
1785156773.803214,15,278.03125,1794.0
1785156773.803214,15,279.65625,1802.0
1785156773.803214,15,281.296875,1800.5
1785156773.803214,15,282.875,1808.0
1785156773.803214,15,284.53125,1823.25
1785156773.803214,15,295.890625,1940.75
1785156773.803214,15,297.53125,1955.75
1785156773.803214,15,299.21875,1973.5
1785156773.803214,15,300.875,2000.25
1785156773.803214,15,302.484375,2026.0
1785156773.803214,15,304.15625,2040.75
1785156773.803214,9,305.75,2064.75
1785156773.803214,15,313.921875,2262.5
1785156773.803214,7,318.765625,2441.0
1785156773.803214,8,320.421875,2484.75
1785156773.803214,15,332.53125,1216.5
1785156773.803214,15,334.171875,1223.5
1785156773.803214,15,335.765625,1250.75
1785156773.803214,15,342.203125,1541.25
1785156773.803214,15,347.0625,1466.5
1785156773.803214,15,348.71875,1482.5
1785156773.803214,15,350.296875,1508.75
1785156773.9185746,15,356.125,6727.0
1785156773.9185746,15,357.78125,6727.0
1785156773.9185746,15,359.40625,6703.0
1785156773.9185746,15,1.046875,6710.0
1785156773.9185746,15,2.703125,6739.75
1785156773.9185746,15,4.328125,6713.5
1785156773.9185746,15,5.96875,6684.0
1785156773.9185746,15,7.59375,6717.25
1785156773.9185746,15,9.25,6703.25
1785156773.9185746,15,10.84375,6707.5
1785156773.9185746,15,12.5,6766.75
1785156773.9185746,15,14.125,6823.0
1785156773.9185746,15,48.09375,106.5
1785156773.9185746,14,51.5,101.25
1785156773.9185746,15,171.03125,9933.0
1785156773.9185746,15,172.671875,9911.5
1785156773.9185746,15,174.296875,9845.0
1785156773.9185746,13,225.3125,2618.5
1785156773.9185746,15,241.796875,2031.25
1785156773.9185746,15,243.421875,2008.0
1785156773.9185746,15,245.0625,1986.5
1785156773.9185746,15,246.703125,1973.5
1785156773.9185746,11,248.34375,1955.75
1785156773.9185746,15,263.078125,1808.25
1785156773.9185746,15,264.671875,1795.5
1785156773.9185746,15,266.34375,1791.25
1785156773.9185746,15,267.953125,1780.25
1785156773.9185746,15,269.59375,1778.0
1785156773.9185746,15,271.21875,1780.5
1785156773.9185746,15,272.859375,1778.75
1785156773.9185746,15,274.5,1785.5
1785156773.9185746,15,276.078125,1784.75
1785156773.9185746,15,277.75,1784.25
1785156773.9185746,15,279.375,1789.75
1785156773.9185746,15,280.984375,1783.25
1785156773.9185746,15,282.609375,1789.0
1785156773.9185746,15,284.25,1810.5
1785156773.9185746,10,285.890625,1820.75
1785156773.9185746,10,287.515625,1829.5
1785156773.9185746,15,298.984375,1960.25
1785156773.9185746,15,300.609375,1975.5
1785156773.9185746,15,302.265625,2001.5
1785156773.9185746,15,303.890625,2027.25
1785156773.9185746,13,305.5,2053.75
1785156773.9185746,15,313.640625,2270.25
1785156773.9185746,15,315.28125,2308.0
1785156773.9185746,12,316.90625,2358.5
1785156773.9185746,11,318.53125,2428.25
1785156773.9185746,8,323.421875,2633.75
1785156773.9185746,15,330.640625,1238.25
1785156773.9185746,15,332.21875,1237.5
1785156773.9185746,15,333.859375,1257.0
1785156773.9185746,15,340.25,1552.75
1785156773.9185746,15,341.890625,1539.75
1785156773.9185746,15,345.15625,1465.0
1785156773.9185746,15,346.796875,1478.25
1785156773.9185746,15,348.390625,1500.25
1785156774.0298615,15,355.859375,6677.75
1785156774.0298615,15,357.5,6675.0
1785156774.0298615,15,359.140625,6682.0
1785156774.0298615,15,0.78125,6689.0
1785156774.0298615,15,2.421875,6680.75
1785156774.0298615,15,4.046875,6695.0
1785156774.0298615,15,5.703125,6708.0
1785156774.0298615,15,7.328125,6697.25
1785156774.0298615,15,8.953125,6718.0
1785156774.0298615,15,10.546875,6721.0
1785156774.0298615,15,12.171875,6744.75
1785156774.0298615,15,13.8125,6823.0
1785156774.0298615,15,46.28125,106.5
1785156774.0298615,15,49.1875,104.75
1785156774.0298615,15,50.6875,101.75
1785156774.0298615,15,172.3125,9851.5
1785156774.0298615,15,173.953125,9821.5
1785156774.0298615,10,225.046875,2611.75
1785156774.0298615,15,226.640625,2540.5
1785156774.0298615,15,231.640625,2295.0
1785156774.0298615,15,239.84375,2060.75
1785156774.0298615,15,241.484375,2020.75
1785156774.0298615,15,243.109375,1989.0
1785156774.0298615,15,244.78125,1972.75
1785156774.0298615,9,246.421875,1961.25
1785156774.0298615,14,259.53125,1829.5
1785156774.0298615,15,261.125,1815.0
1785156774.0298615,15,262.78125,1799.75
1785156774.0298615,15,264.4375,1788.5
1785156774.0298615,15,266.046875,1779.5
1785156774.0298615,15,267.71875,1772.0
1785156774.0298615,15,269.328125,1760.75
1785156774.0298615,15,270.953125,1755.0
1785156774.0298615,15,272.59375,1761.0
1785156774.0298615,15,274.21875,1764.0
1785156774.0298615,15,275.796875,1757.75
1785156774.0298615,15,277.421875,1755.75
1785156774.0298615,15,279.109375,1763.0
1785156774.0298615,15,280.734375,1766.5
1785156774.0298615,15,282.296875,1776.75
1785156774.0298615,15,283.953125,1789.25
1785156774.0298615,15,285.5625,1795.0
1785156774.0298615,14,287.21875,1807.0
1785156774.0298615,10,288.875,1792.25
1785156774.0298615,15,290.46875,1796.5
1785156774.0298615,15,300.328125,1957.25
1785156774.0298615,15,301.9375,1973.0
1785156774.0298615,15,303.578125,2000.75
1785156774.0298615,13,305.203125,2032.75
1785156774.0298615,8,306.8125,2061.25
1785156774.0298615,15,313.3125,2239.75
1785156774.0298615,15,314.96875,2287.25
1785156774.0298615,4,318.171875,2415.75
1785156774.0298615,8,319.8125,2462.75
1785156774.0298615,15,328.578125,1271.75
1785156774.0298615,15,330.234375,1255.75
1785156774.0298615,15,331.90625,1267.25
1785156774.0298615,15,338.1875,1570.5
1785156774.0298615,15,339.828125,1555.5
1785156774.0298615,15,343.15625,1475.0
1785156774.0298615,15,344.8125,1477.5
1785156774.0298615,15,346.421875,1498.75
1785156774.0298615,15,348.015625,1533.25
1785156774.1444063,15,355.453125,6690.5
1785156774.1444063,15,357.109375,6714.25
1785156774.1444063,15,358.75,6704.25
1785156774.1444063,15,0.375,6690.25
1785156774.1444063,15,2.0,6708.75
1785156774.1444063,15,3.640625,6715.75
1785156774.1444063,15,5.265625,6699.5
1785156774.1444063,15,6.90625,6717.75
1785156774.1444063,15,8.546875,6755.25
1785156774.1444063,15,10.203125,6760.0
1785156774.1444063,15,11.84375,6774.75
1785156774.1444063,15,13.484375,6819.5
1785156774.1444063,15,46.296875,107.25
1785156774.1444063,15,47.734375,105.0
1785156774.1444063,15,50.4375,102.25
1785156774.1444063,15,171.859375,9917.75
1785156774.1444063,15,173.5,9848.0
1785156774.1444063,15,175.140625,9772.75
1785156774.1444063,15,223.0,2772.25
1785156774.1444063,15,229.546875,2424.25
1785156774.1444063,13,232.828125,2279.5
1785156774.1444063,15,242.703125,2023.75
1785156774.1444063,15,244.359375,1998.0
1785156774.1444063,15,245.984375,1980.25
1785156774.1444063,14,247.59375,1963.5
1785156774.1444063,9,249.25,1939.25
1785156774.1444063,15,260.78125,1816.25
1785156774.1444063,15,262.453125,1801.5
1785156774.1444063,15,264.0625,1792.5
1785156774.1444063,15,265.703125,1784.75
1785156774.1444063,15,267.34375,1767.0
1785156774.1444063,15,268.96875,1756.75
1785156774.1444063,15,270.625,1755.75
1785156774.1444063,15,272.28125,1754.25
1785156774.1444063,15,273.921875,1753.5
1785156774.1444063,15,275.5,1751.75
1785156774.1444063,15,277.140625,1751.0
1785156774.1444063,15,278.78125,1761.0
1785156774.1444063,15,280.40625,1773.75
1785156774.1444063,15,282.0,1781.75
1785156774.1444063,15,283.65625,1788.25
1785156774.1444063,15,285.25,1797.5
1785156774.1444063,15,286.890625,1807.0
1785156774.1444063,15,288.53125,1788.75
1785156774.1444063,15,299.96875,1960.25
1785156774.1444063,15,301.609375,1983.25
1785156774.1444063,15,303.203125,2011.0
1785156774.1444063,12,304.84375,2039.5
1785156774.1444063,15,312.984375,2246.75
1785156774.1444063,10,314.59375,2286.0
1785156774.1444063,9,316.203125,2330.25
1785156774.1444063,11,317.859375,2389.0
1785156774.1444063,12,319.484375,2446.25
1785156774.1444063,15,328.234375,1286.75
1785156774.1444063,15,329.84375,1284.0
1785156774.1444063,15,331.5,1308.5
1785156774.1444063,15,337.8125,1576.5
1785156774.1444063,15,341.140625,1479.0
1785156774.1444063,15,342.8125,1478.75
1785156774.1444063,15,344.390625,1498.25
1785156774.1444063,15,346.03125,1524.25
1785156774.256302,15,355.171875,6690.5
1785156774.256302,15,356.8125,6687.75
1785156774.256302,15,358.453125,6671.0
1785156774.256302,15,0.09375,6680.25
1785156774.256302,15,1.734375,6715.75
1785156774.256302,15,3.375,6715.0
1785156774.256302,15,5.015625,6703.25
1785156774.256302,15,6.65625,6732.25
1785156774.256302,15,8.28125,6731.5
1785156774.256302,15,9.921875,6721.5
1785156774.256302,15,11.5,6770.75
1785156774.256302,15,13.140625,6840.25
1785156774.256302,15,45.890625,107.5
1785156774.256302,15,48.421875,105.5
1785156774.256302,15,171.59375,9926.75
1785156774.256302,15,173.234375,9896.5
1785156774.256302,15,174.875,9817.75
1785156774.256302,15,217.71875,3051.25
1785156774.256302,15,222.671875,2743.25
1785156774.256302,15,224.34375,2669.75
1785156774.256302,15,229.296875,2424.25
1785156774.256302,15,232.578125,2280.25
1785156774.256302,15,242.46875,2035.75
1785156774.256302,15,244.109375,2012.75
1785156774.256302,15,245.734375,1985.75
1785156774.256302,15,247.390625,1969.25
1785156774.256302,8,249.03125,1950.25
1785156774.256302,10,260.625,1827.5
1785156774.256302,15,262.25,1814.5
1785156774.256302,15,263.90625,1797.5
1785156774.256302,15,265.5625,1788.0
1785156774.256302,15,267.203125,1777.75
1785156774.256302,15,268.84375,1773.5
1785156774.256302,15,270.484375,1772.5
1785156774.256302,15,272.09375,1770.0
1785156774.256302,15,273.71875,1777.0
1785156774.256302,15,275.328125,1779.75
1785156774.256302,15,276.96875,1774.25
1785156774.256302,15,278.609375,1776.25
1785156774.256302,15,280.21875,1785.0
1785156774.256302,15,281.828125,1791.5
1785156774.256302,15,283.5,1798.75
1785156774.256302,15,285.125,1804.25
1785156774.256302,10,286.734375,1813.25
1785156774.256302,15,288.390625,1810.75
1785156774.256302,15,299.859375,1956.25
1785156774.256302,15,301.484375,1973.0
1785156774.256302,15,303.09375,1993.5
1785156774.256302,15,304.71875,2023.0
1785156774.256302,15,314.46875,2275.0
1785156774.256302,9,316.109375,2330.5
1785156774.256302,11,320.96875,2524.25
1785156774.256302,15,326.375,1316.0
1785156774.256302,15,328.015625,1302.0
1785156774.256302,15,329.625,1319.0
1785156774.256302,15,336.0,1598.0
1785156774.256302,15,337.671875,1584.75
1785156774.256302,15,341.03125,1484.0
1785156774.256302,15,342.65625,1500.5
1785156774.256302,15,344.28125,1522.0
1785156774.3673618,15,355.046875,6700.25
1785156774.3673618,15,356.671875,6679.25
1785156774.3673618,15,358.3125,6701.75
1785156774.3673618,15,359.96875,6713.75
1785156774.3673618,15,1.59375,6711.0
1785156774.3673618,15,3.234375,6686.25
1785156774.3673618,15,4.875,6686.5
1785156774.3673618,15,6.515625,6728.0
1785156774.3673618,15,8.140625,6725.0
1785156774.3673618,15,9.796875,6709.25
1785156774.3673618,15,11.375,6724.75
1785156774.3673618,15,13.015625,6793.0
1785156774.3673618,7,26.078125,7485.25
1785156774.3673618,15,47.203125,105.75
1785156774.3673618,11,173.203125,9840.25
1785156774.3673618,15,174.84375,9811.0
1785156774.3673618,10,183.078125,10219.25
1785156774.3673618,15,217.671875,3013.5
1785156774.3673618,15,219.3125,2930.5
1785156774.3673618,15,225.9375,2508.25
1785156774.3673618,12,227.625,2452.75
1785156774.3673618,15,230.9375,2294.25
1785156774.3673618,15,239.171875,2069.5
1785156774.3673618,15,240.84375,2031.75
1785156774.3673618,15,242.46875,1999.5
1785156774.3673618,15,244.125,1974.5
1785156774.3673618,15,245.75,1960.0
1785156774.3673618,15,262.203125,1815.25
1785156774.3673618,15,263.84375,1798.5
1785156774.3673618,15,265.46875,1793.75
1785156774.3673618,15,267.109375,1787.0
1785156774.3673618,15,268.71875,1783.0
1785156774.3673618,15,270.390625,1782.0
1785156774.3673618,15,272.0,1783.5
1785156774.3673618,15,273.6875,1785.75
1785156774.3673618,15,275.265625,1786.0
1785156774.3673618,15,276.890625,1788.5
1785156774.3673618,15,278.53125,1796.25
1785156774.3673618,15,280.171875,1807.25
1785156774.3673618,15,281.78125,1816.5
1785156774.3673618,11,283.421875,1827.25
1785156774.3673618,15,294.828125,1969.25
1785156774.3673618,15,296.421875,1978.25
1785156774.3673618,15,298.0625,1995.25
1785156774.3673618,15,299.765625,2019.5
1785156774.3673618,15,309.484375,2247.75
1785156774.3673618,13,311.09375,2290.5
1785156774.3673618,15,312.734375,2336.25
1785156774.3673618,11,315.984375,2457.5
1785156774.3673618,6,317.625,2512.0
1785156774.3673618,9,319.25,2571.25
1785156774.3673618,15,324.734375,1346.25
1785156774.3673618,15,326.40625,1326.5
1785156774.3673618,15,328.0,1335.75
1785156774.3673618,15,329.59375,1369.5
1785156774.3673618,15,334.390625,1618.5
1785156774.3673618,15,336.046875,1604.0
1785156774.3673618,15,339.4375,1497.75
1785156774.3673618,15,341.0625,1510.25
1785156774.3673618,15,342.703125,1530.5
1785156774.3673618,15,344.28125,1564.75
1785156774.4818258,15,351.765625,6732.5
1785156774.4818258,15,353.421875,6723.0
1785156774.4818258,15,355.0625,6701.75
1785156774.4818258,15,356.703125,6682.25
1785156774.4818258,15,358.328125,6675.25
1785156774.4818258,15,359.96875,6692.25
1785156774.4818258,15,1.625,6716.0
1785156774.4818258,15,3.265625,6718.25
1785156774.4818258,15,4.890625,6691.75
1785156774.4818258,15,6.546875,6695.75
1785156774.4818258,15,8.171875,6749.5
1785156774.4818258,15,9.8125,6742.0
1785156774.4818258,15,12.953125,6775.25
1785156774.4818258,15,47.421875,105.75
1785156774.4818258,15,173.265625,9840.75
1785156774.4818258,15,174.921875,9829.75
1785156774.4818258,14,186.265625,10560.25
1785156774.4818258,13,187.90625,10619.25
1785156774.4818258,15,222.6875,2766.0
1785156774.4818258,9,227.609375,2480.25
1785156774.4818258,15,229.265625,2430.5
1785156774.4818258,12,232.609375,2293.0
1785156774.4818258,15,242.453125,2048.75
1785156774.4818258,15,244.09375,2019.25
1785156774.4818258,15,245.734375,1992.75
1785156774.4818258,15,247.390625,1974.0
1785156774.4818258,13,249.015625,1957.25
1785156774.4818258,15,262.1875,1824.25
1785156774.4818258,15,263.765625,1808.0
1785156774.4818258,15,265.453125,1798.25
1785156774.4818258,15,267.0625,1785.5
1785156774.4818258,15,268.703125,1778.25
1785156774.4818258,15,270.359375,1778.0
1785156774.4818258,15,271.9375,1781.25
1785156774.4818258,15,273.5625,1783.25
1785156774.4818258,15,275.203125,1782.0
1785156774.4818258,15,276.828125,1780.25
1785156774.4818258,15,278.46875,1785.75
1785156774.4818258,15,280.0625,1800.5
1785156774.4818258,14,281.734375,1809.0
1785156774.4818258,13,283.359375,1813.0
1785156774.4818258,15,285.0,1820.0
1785156774.4818258,8,286.59375,1833.5
1785156774.4818258,10,288.234375,1847.5
1785156774.4818258,12,296.375,1960.75
1785156774.4818258,15,297.96875,1971.0
1785156774.4818258,15,299.65625,1991.25
1785156774.4818258,15,301.28125,2021.25
1785156774.4818258,11,302.921875,2042.0
1785156774.4818258,15,311.03125,2260.75
1785156774.4818258,11,312.671875,2298.0
1785156774.4818258,10,314.28125,2347.0
1785156774.4818258,15,315.921875,2408.5
1785156774.4818258,11,317.53125,2466.25
1785156774.4818258,10,319.15625,2529.5
1785156774.4818258,15,324.734375,1355.5
1785156774.4818258,15,326.328125,1355.5
1785156774.4818258,15,327.953125,1381.0
1785156774.4818258,15,329.5625,1420.5
1785156774.4818258,15,332.75,1638.5
1785156774.4818258,15,334.375,1623.75
1785156774.4818258,15,337.71875,1511.0
1785156774.4818258,15,339.359375,1517.0
1785156774.4818258,15,341.0,1536.5
1785156774.4818258,15,342.671875,1565.25
1785156774.5925252,15,353.34375,6722.75
1785156774.5925252,15,354.984375,6710.75
1785156774.5925252,15,356.609375,6716.5
1785156774.5925252,15,358.25,6730.5
1785156774.5925252,15,359.890625,6712.5
1785156774.5925252,15,1.53125,6678.25
1785156774.5925252,15,3.171875,6692.25
1785156774.5925252,15,4.796875,6712.75
1785156774.5925252,15,6.4375,6709.5
1785156774.5925252,15,8.09375,6743.75
1785156774.5925252,15,9.71875,6740.25
1785156774.5925252,15,11.296875,6736.5
1785156774.5925252,15,12.9375,6801.5
1785156774.5925252,15,47.03125,105.75
1785156774.5925252,15,174.796875,9852.25
1785156774.5925252,10,176.4375,9878.0
1785156774.5925252,15,219.25,3046.25
1785156774.5925252,8,225.859375,2661.5
1785156774.5925252,8,229.25,2493.25
1785156774.5925252,15,230.875,2435.5
1785156774.5925252,15,234.203125,2294.75
1785156774.5925252,15,244.078125,2043.5
1785156774.5925252,15,245.734375,2019.5
1785156774.5925252,15,247.40625,1995.25
1785156774.5925252,15,249.015625,1975.25
1785156774.5925252,12,250.65625,1961.25
1785156774.5925252,10,252.328125,1948.25
1785156774.5925252,9,253.953125,1942.75
1785156774.5925252,15,265.4375,1833.0
1785156774.5925252,15,267.125,1819.75
1785156774.5925252,15,268.734375,1816.25
1785156774.5925252,15,270.375,1812.5
1785156774.5925252,15,272.03125,1807.75
1785156774.5925252,15,273.671875,1808.75
1785156774.5925252,15,275.234375,1811.5
1785156774.5925252,15,276.875,1818.0
1785156774.5925252,15,278.46875,1819.0
1785156774.5925252,13,280.109375,1822.25
1785156774.5925252,12,281.75,1831.5
1785156774.5925252,9,283.359375,1837.0
1785156774.5925252,13,286.640625,1834.0
1785156774.5925252,13,294.75,1943.25
1785156774.5925252,15,296.375,1960.25
1785156774.5925252,15,297.984375,1970.75
1785156774.5925252,15,299.765625,1982.75
1785156774.5925252,15,301.390625,2010.75
1785156774.5925252,11,303.03125,2039.5
1785156774.5925252,9,304.625,2062.75
1785156774.5925252,15,312.78125,2287.5
1785156774.5925252,12,314.375,2329.75
1785156774.5925252,12,317.65625,2464.0
1785156774.5925252,15,323.046875,1388.5
1785156774.5925252,15,324.6875,1378.25
1785156774.5925252,15,326.375,1397.5
1785156774.5925252,15,327.9375,1431.5
1785156774.5925252,15,331.078125,1657.25
1785156774.5925252,15,332.734375,1642.5
1785156774.5925252,15,336.109375,1522.0
1785156774.5925252,15,337.6875,1528.25
1785156774.5925252,15,339.359375,1547.0
1785156774.5925252,15,340.96875,1569.75
1785156774.7037356,15,351.75,6727.25
1785156774.7037356,15,353.390625,6724.0
1785156774.7037356,15,355.03125,6713.25
1785156774.7037356,15,356.671875,6713.25
1785156774.7037356,15,358.328125,6730.0
1785156774.7037356,15,359.96875,6725.25
1785156774.7037356,15,1.609375,6681.25
1785156774.7037356,15,3.234375,6674.75
1785156774.7037356,15,4.890625,6687.5
1785156774.7037356,15,6.515625,6700.25
1785156774.7037356,15,8.15625,6745.5
1785156774.7037356,15,9.796875,6737.25
1785156774.7037356,15,11.390625,6778.75
1785156774.7037356,15,13.015625,6849.25
1785156774.7037356,15,24.46875,7341.0
1785156774.7037356,15,46.828125,108.0
1785156774.7037356,15,48.46875,105.5
1785156774.7037356,15,176.5,9750.75
1785156774.7037356,10,216.078125,3082.25
1785156774.7037356,11,227.65625,2441.25
1785156774.7037356,15,230.9375,2301.25
1785156774.7037356,11,232.59375,2261.75
1785156774.7037356,15,242.484375,2044.25
1785156774.7037356,15,244.125,2014.0
1785156774.7037356,15,245.75,1990.75
1785156774.7037356,15,247.40625,1980.0
1785156774.7037356,15,249.0625,1972.75
1785156774.7037356,10,250.6875,1959.25
1785156774.7037356,15,252.25,1951.25
1785156774.7037356,8,253.890625,1950.25
1785156774.7037356,9,268.609375,1844.75
1785156774.7037356,15,289.734375,1960.5
1785156774.7037356,15,291.375,1975.25
1785156774.7037356,15,293.0,1997.75
1785156774.7037356,15,294.640625,2019.0
1785156774.7037356,15,296.265625,2034.0
1785156774.7037356,9,297.875,2058.5
1785156774.7037356,15,307.71875,2272.75
1785156774.7037356,13,309.375,2304.5
1785156774.7037356,15,311.0,2348.75
1785156774.7037356,15,312.59375,2407.25
1785156774.7037356,15,314.21875,2470.0
1785156774.7037356,15,322.921875,1396.5
1785156774.7037356,15,324.5625,1406.5
1785156774.7037356,15,326.125,1435.25
1785156774.7037356,15,330.953125,1669.25
1785156774.7037356,15,334.34375,1544.75
1785156774.7037356,15,335.984375,1539.0
1785156774.7037356,15,337.625,1551.0
1785156774.7037356,15,339.21875,1569.25
1785156774.818831,15,351.578125,6738.25
1785156774.818831,15,353.234375,6715.75
1785156774.818831,15,354.875,6701.5
1785156774.818831,15,356.515625,6724.5
1785156774.818831,15,358.15625,6717.0
1785156774.818831,15,359.796875,6702.0
1785156774.818831,15,1.421875,6680.5
1785156774.818831,15,3.0625,6667.0
1785156774.818831,15,4.703125,6687.75
1785156774.818831,15,6.34375,6717.0
1785156774.818831,15,7.96875,6735.5
1785156774.818831,15,9.609375,6738.75
1785156774.818831,15,11.203125,6747.25
1785156774.818831,15,12.84375,6790.75
1785156774.818831,15,24.25,7357.0
1785156774.818831,15,46.890625,106.5
1785156774.818831,14,51.578125,100.75
1785156774.818831,15,174.5,9867.25
1785156774.818831,15,176.125,9757.25
1785156774.818831,13,225.625,2577.75
1785156774.818831,10,227.234375,2504.75
1785156774.818831,12,228.890625,2448.0
1785156774.818831,15,232.1875,2314.25
1785156774.818831,11,233.828125,2259.75
1785156774.818831,15,242.0625,2055.5
1785156774.818831,15,243.71875,2015.5
1785156774.818831,15,245.34375,1991.5
1785156774.818831,15,246.984375,1981.5
1785156774.818831,15,248.625,1966.5
1785156774.818831,8,250.28125,1947.25
1785156774.818831,13,251.890625,1939.5
1785156774.818831,15,263.359375,1820.5
1785156774.818831,15,265.03125,1805.0
1785156774.818831,15,266.640625,1808.0
1785156774.818831,15,268.265625,1825.75
1785156774.818831,15,269.9375,1825.25
1785156774.818831,15,271.53125,1823.5
1785156774.818831,15,273.1875,1827.0
1785156774.818831,15,274.8125,1830.25
1785156774.818831,11,276.421875,1832.75
1785156774.818831,14,278.0625,1833.5
1785156774.818831,15,291.046875,1957.75
1785156774.818831,15,292.671875,1983.75
1785156774.818831,15,294.28125,2004.75
1785156774.818831,15,295.90625,2027.75
1785156774.818831,9,297.5,2045.5
1785156774.818831,15,307.453125,2259.5
1785156774.818831,7,309.046875,2304.25
1785156774.818831,15,310.6875,2369.25
1785156774.818831,15,312.3125,2420.75
1785156774.818831,15,313.921875,2466.75
1785156774.818831,8,315.546875,2535.0
1785156774.818831,15,320.953125,1435.5
1785156774.818831,15,322.5625,1419.0
1785156774.818831,15,324.1875,1441.0
1785156774.818831,15,325.765625,1477.75
1785156774.818831,15,328.921875,1693.25
1785156774.818831,15,330.59375,1680.25
1785156774.818831,15,333.9375,1554.5
1785156774.818831,15,335.546875,1558.5
1785156774.818831,15,337.1875,1577.0
1785156774.818831,15,338.78125,1603.75
1785156774.9312768,15,351.203125,6768.0
1785156774.9312768,15,352.84375,6732.75
1785156774.9312768,15,354.46875,6703.5
1785156774.9312768,15,356.125,6695.0
1785156774.9312768,15,357.75,6693.25
1785156774.9312768,15,359.390625,6694.5
1785156774.9312768,15,1.03125,6698.75
1785156774.9312768,15,2.671875,6731.5
1785156774.9312768,15,4.3125,6710.0
1785156774.9312768,15,5.9375,6687.25
1785156774.9312768,15,7.578125,6713.75
1785156774.9312768,15,9.203125,6750.5
1785156774.9312768,15,10.8125,6763.25
1785156774.9312768,15,12.453125,6769.5
1785156774.9312768,15,23.875,7265.75
1785156774.9312768,15,47.53125,106.5
1785156774.9312768,15,50.921875,101.25
1785156774.9312768,15,175.671875,9739.5
1785156774.9312768,15,218.515625,3062.5
1785156774.9312768,15,223.453125,2785.0
1785156774.9312768,11,226.75,2608.25
1785156774.9312768,15,228.359375,2531.0
1785156774.9312768,11,230.046875,2467.5
1785156774.9312768,5,231.671875,2411.25
1785156774.9312768,13,233.328125,2350.5
1785156774.9312768,15,234.96875,2291.0
1785156774.9312768,14,236.625,2253.5
1785156774.9312768,15,246.4375,2051.0
1785156774.9312768,15,248.109375,2037.5
1785156774.9312768,15,249.71875,2018.5
1785156774.9312768,15,251.375,2000.0
1785156774.9312768,15,253.03125,1991.0
1785156774.9312768,15,254.625,1981.75
1785156774.9312768,15,256.28125,1973.0
1785156774.9312768,15,257.90625,1968.5
1785156774.9312768,14,259.53125,1961.0
1785156774.9312768,12,261.171875,1950.25
1785156774.9312768,11,280.78125,1947.0
1785156774.9312768,15,282.421875,1956.5
1785156774.9312768,15,284.046875,1966.5
1785156774.9312768,15,285.6875,1961.25
1785156774.9312768,15,287.3125,1972.0
1785156774.9312768,15,288.9375,2007.25
1785156774.9312768,15,290.5625,2026.0
1785156774.9312768,12,292.1875,2040.0
1785156774.9312768,15,293.796875,2060.25
1785156774.9312768,15,305.328125,2258.5
1785156774.9312768,15,306.90625,2293.0
1785156774.9312768,6,308.53125,2352.75
1785156774.9312768,9,310.1875,2412.25
1785156774.9312768,7,311.796875,2442.5
1785156774.9312768,15,313.421875,2486.75
1785156774.9312768,10,315.0625,2561.0
1785156774.9312768,15,320.46875,1462.75
1785156774.9312768,15,322.0625,1451.5
1785156774.9312768,15,323.609375,1477.25
1785156774.9312768,15,325.265625,1514.25
1785156774.9312768,15,328.421875,1708.75
1785156774.9312768,15,331.8125,1577.0
1785156774.9312768,15,333.4375,1567.75
1785156774.9312768,15,335.046875,1579.5
1785156774.9312768,15,336.703125,1601.0
1785156774.9312768,15,338.328125,1636.75
1785156775.044566,15,350.8125,6745.25
1785156775.044566,15,352.453125,6731.25
1785156775.044566,15,354.09375,6718.5
1785156775.044566,15,355.734375,6711.25
1785156775.044566,15,357.375,6703.0
1785156775.044566,15,359.015625,6687.5
1785156775.044566,15,0.65625,6691.75
1785156775.044566,15,2.296875,6727.0
1785156775.044566,15,3.9375,6742.25
1785156775.044566,15,5.578125,6708.0
1785156775.044566,15,7.21875,6693.25
1785156775.044566,15,8.859375,6707.75
1785156775.044566,15,10.390625,6748.25
1785156775.044566,15,12.046875,6807.0
1785156775.044566,15,23.46875,7300.75
1785156775.044566,15,47.546875,107.0
1785156775.044566,14,50.609375,102.0
1785156775.044566,15,177.109375,9734.5
1785156775.044566,8,185.234375,10240.75
1785156775.044566,15,219.84375,3040.75
1785156775.044566,15,224.796875,2730.0
1785156775.044566,11,228.0625,2564.75
1785156775.044566,15,231.34375,2424.75
1785156775.044566,11,233.03125,2366.5
1785156775.044566,15,234.65625,2300.75
1785156775.044566,11,236.296875,2258.25
1785156775.044566,15,246.109375,2031.25
1785156775.044566,15,247.75,2016.75
1785156775.044566,15,249.375,1996.0
1785156775.044566,15,251.078125,1972.75
1785156775.044566,15,252.71875,1965.0
1785156775.044566,15,254.34375,1966.75
1785156775.044566,14,255.953125,1959.75
1785156775.044566,13,267.453125,1838.75
1785156775.044566,11,269.046875,1835.75
1785156775.044566,8,270.6875,1842.75
1785156775.044566,9,273.984375,1844.5
1785156775.044566,15,288.609375,1943.75
1785156775.044566,15,290.234375,1963.25
1785156775.044566,15,291.828125,1974.5
1785156775.044566,15,293.46875,1991.75
1785156775.044566,15,295.09375,2004.25
1785156775.044566,15,296.71875,2021.25
1785156775.044566,15,298.390625,2035.75
1785156775.044566,7,309.796875,2318.0
1785156775.044566,10,311.421875,2350.5
1785156775.044566,15,314.65625,2478.25
1785156775.044566,15,319.96875,1478.75
1785156775.044566,15,321.546875,1488.5
1785156775.044566,15,323.265625,1516.25
1785156775.044566,15,328.03125,1726.5
1785156775.044566,15,331.421875,1585.5
1785156775.044566,15,333.0,1590.25
1785156775.044566,15,334.671875,1607.0
1785156775.044566,15,336.28125,1628.75
1785156775.1568124,15,350.359375,6766.75
1785156775.1568124,15,352.015625,6742.75
1785156775.1568124,15,353.65625,6690.0
1785156775.1568124,15,355.296875,6684.5
1785156775.1568124,15,356.9375,6708.5
1785156775.1568124,15,358.5625,6735.5
1785156775.1568124,15,0.203125,6714.5
1785156775.1568124,15,1.84375,6689.75
1785156775.1568124,15,3.484375,6704.25
1785156775.1568124,15,5.125,6707.0
1785156775.1568124,15,6.765625,6702.25
1785156775.1568124,15,8.40625,6705.75
1785156775.1568124,15,10.046875,6781.5
1785156775.1568124,15,11.578125,6827.0
1785156775.1568124,15,13.203125,6840.25
1785156775.1568124,15,45.65625,107.5
1785156775.1568124,15,48.71875,105.5
1785156775.1568124,9,164.203125,1754.5
1785156775.1568124,12,165.84375,1723.25
1785156775.1568124,15,167.453125,1685.0
1785156775.1568124,15,217.703125,3169.0
1785156775.1568124,15,220.984375,2989.75
1785156775.1568124,15,222.640625,2910.5
1785156775.1568124,10,225.96875,2733.0
1785156775.1568124,11,227.578125,2657.5
1785156775.1568124,10,229.21875,2581.75
1785156775.1568124,15,230.84375,2523.75
1785156775.1568124,8,232.484375,2472.0
1785156775.1568124,15,234.140625,2421.5
1785156775.1568124,5,235.765625,2378.75
1785156775.1568124,15,237.4375,2333.75
1785156775.1568124,15,239.0625,2287.25
1785156775.1568124,15,240.71875,2257.25
1785156775.1568124,7,242.328125,2231.0
1785156775.1568124,12,253.859375,2057.5
1785156775.1568124,15,255.484375,2046.5
1785156775.1568124,15,257.15625,2037.75
1785156775.1568124,15,258.78125,2027.25
1785156775.1568124,15,260.40625,1999.75
1785156775.1568124,13,262.078125,1961.5
1785156775.1568124,15,263.71875,1941.25
1785156775.1568124,15,266.984375,1951.25
1785156775.1568124,15,268.640625,1958.0
1785156775.1568124,12,270.265625,1956.75
1785156775.1568124,13,271.90625,1957.25
1785156775.1568124,15,273.546875,1957.0
1785156775.1568124,15,275.109375,1954.75
1785156775.1568124,15,276.75,1954.75
1785156775.1568124,15,278.34375,1964.0
1785156775.1568124,15,280.0,1973.75
1785156775.1568124,15,281.59375,1990.75
1785156775.1568124,15,283.21875,2008.75
1785156775.1568124,15,284.828125,2018.0
1785156775.1568124,15,286.484375,2038.25
1785156775.1568124,15,288.125,2042.75
1785156775.1568124,15,304.46875,2283.0
1785156775.1568124,9,306.09375,2323.25
1785156775.1568124,15,307.75,2372.5
1785156775.1568124,15,309.390625,2416.75
1785156775.1568124,11,311.015625,2449.75
1785156775.1568124,15,312.609375,2494.5
1785156775.1568124,9,314.265625,2553.0
1785156775.1568124,15,317.90625,1518.75
1785156775.1568124,15,319.609375,1503.0
1785156775.1568124,15,321.15625,1522.0
1785156775.1568124,15,322.78125,1553.5
1785156775.1568124,15,326.015625,1756.5
1785156775.1568124,15,329.421875,1606.5
1785156775.1568124,15,330.984375,1604.5
1785156775.1568124,15,332.671875,1618.25
1785156775.1568124,15,334.28125,1634.5
1785156775.1568124,15,335.859375,1666.5
1785156775.1568124,15,350.046875,6789.75
1785156775.2714083,15,351.703125,6761.25
1785156775.2714083,15,353.328125,6723.0
1785156775.2714083,15,354.96875,6718.0
1785156775.2714083,15,356.609375,6717.75
1785156775.2714083,15,358.25,6736.25
1785156775.2714083,15,359.890625,6727.5
1785156775.2714083,15,1.53125,6687.75
1785156775.2714083,15,3.1875,6715.0
1785156775.2714083,15,4.828125,6744.0
1785156775.2714083,15,6.46875,6723.25
1785156775.2714083,15,8.09375,6739.0
1785156775.2714083,15,9.75,6734.5
1785156775.2714083,15,11.25,6737.5
1785156775.2714083,15,22.671875,7268.75
1785156775.2714083,15,48.53125,106.25
1785156775.2714083,15,168.875,1636.0
1785156775.2714083,15,176.359375,9797.0
1785156775.2714083,15,219.078125,3019.25
1785156775.2714083,15,220.765625,2932.75
1785156775.2714083,15,224.046875,2740.25
1785156775.2714083,9,225.71875,2671.5
1785156775.2714083,15,229.03125,2521.5
1785156775.2714083,10,230.65625,2466.0
1785156775.2714083,7,232.3125,2408.5
1785156775.2714083,8,233.96875,2352.75
1785156775.2714083,15,235.625,2302.75
1785156775.2714083,15,237.265625,2267.25
1785156775.2714083,9,238.90625,2244.0
1785156775.2714083,12,248.78125,2068.25
1785156775.2714083,15,250.4375,2047.5
1785156775.2714083,15,252.0625,2039.5
1785156775.2714083,15,253.6875,2034.75
1785156775.2714083,15,255.328125,2020.0
1785156775.2714083,15,256.953125,2006.75
1785156775.2714083,15,258.609375,1997.0
1785156775.2714083,14,260.234375,1981.25
1785156775.2714083,9,261.890625,1951.25
1785156775.2714083,12,263.484375,1938.5
1785156775.2714083,14,266.8125,1948.75
1785156775.2714083,9,268.4375,1949.0
1785156775.2714083,8,270.046875,1945.25
1785156775.2714083,15,271.6875,1946.25
1785156775.2714083,13,273.3125,1951.5
1785156775.2714083,15,274.9375,1950.25
1785156775.2714083,15,276.53125,1951.25
1785156775.2714083,15,278.15625,1961.25
1785156775.2714083,15,279.828125,1967.5
1785156775.2714083,15,281.421875,1982.25
1785156775.2714083,15,283.046875,2003.5
1785156775.2714083,15,284.640625,2018.25
1785156775.2714083,15,286.3125,2019.5
1785156775.2714083,15,287.9375,2040.25
1785156775.2714083,12,301.03125,2260.75
1785156775.2714083,15,302.65625,2294.0
1785156775.2714083,8,304.265625,2344.0
1785156775.2714083,15,305.90625,2395.25
1785156775.2714083,15,307.546875,2443.5
1785156775.2714083,15,309.140625,2488.25
1785156775.2714083,10,310.78125,2532.75
1785156775.2714083,15,312.390625,2590.0
1785156775.2714083,15,317.75,1536.5
1785156775.2714083,15,319.328125,1536.5
1785156775.2714083,15,320.9375,1562.75
1785156775.2714083,15,325.90625,1771.5
1785156775.2714083,15,329.203125,1625.75
1785156775.2714083,15,330.859375,1630.0
1785156775.2714083,15,332.484375,1646.25
1785156775.2714083,15,334.09375,1669.25
1785156775.2714083,15,349.890625,6789.25
1785156775.3816204,15,351.53125,6773.25
1785156775.3816204,15,353.171875,6752.75
1785156775.3816204,15,354.8125,6735.75
1785156775.3816204,15,356.46875,6726.0
1785156775.3816204,15,358.09375,6723.75
1785156775.3816204,15,359.75,6693.5
1785156775.3816204,15,1.375,6679.25
1785156775.3816204,15,3.03125,6681.25
1785156775.3816204,15,4.65625,6693.0
1785156775.3816204,15,6.3125,6717.75
1785156775.3816204,15,7.953125,6737.0
1785156775.3816204,15,9.59375,6746.75
1785156775.3816204,15,11.109375,6756.5
1785156775.3816204,15,22.515625,7252.5
1785156775.3816204,15,47.65625,106.25
1785156775.3816204,15,167.265625,1629.25
1785156775.3816204,15,168.9375,1612.25
1785156775.3816204,15,186.109375,10595.5
1785156775.3816204,15,220.84375,3053.5
1785156775.3816204,15,225.8125,2769.5
1785156775.3816204,12,229.125,2584.25
1785156775.3816204,15,230.75,2525.5
1785156775.3816204,11,232.4375,2473.5
1785156775.3816204,15,234.078125,2424.0
1785156775.3816204,6,235.71875,2377.5
1785156775.3816204,15,237.375,2327.0
1785156775.3816204,15,239.0,2286.25
1785156775.3816204,8,240.671875,2257.0
1785156775.3816204,11,252.1875,2063.75
1785156775.3816204,11,253.8125,2056.75
1785156775.3816204,15,255.4375,2046.5
1785156775.3816204,15,257.09375,2036.75
1785156775.3816204,15,258.71875,2025.5
1785156775.3816204,15,260.375,2002.0
1785156775.3816204,9,261.96875,1971.25
1785156775.3816204,13,263.640625,1963.0
1785156775.3816204,10,265.265625,1951.25
1785156775.3816204,15,266.890625,1946.75
1785156775.3816204,14,268.53125,1959.75
1785156775.3816204,15,270.203125,1958.25
1785156775.3816204,15,271.78125,1958.25
1785156775.3816204,15,273.4375,1961.5
1785156775.3816204,15,275.0625,1959.75
1785156775.3816204,15,276.6875,1956.0
1785156775.3816204,15,278.3125,1964.75
1785156775.3816204,15,279.984375,1974.0
1785156775.3816204,15,281.5625,1991.0
1785156775.3816204,15,283.21875,2009.25
1785156775.3816204,15,284.859375,2002.5
1785156775.3816204,15,286.484375,2004.25
1785156775.3816204,15,288.09375,2035.5
1785156775.3816204,15,302.828125,2278.0
1785156775.3816204,15,304.4375,2312.5
1785156775.3816204,10,307.6875,2422.0
1785156775.3816204,11,309.359375,2453.75
1785156775.3816204,15,310.984375,2489.0
1785156775.3816204,7,312.578125,2543.25
1785156775.3816204,15,317.90625,1557.25
1785156775.3816204,15,319.5,1575.5
1785156775.3816204,15,321.109375,1608.75
1785156775.3816204,15,324.34375,1796.0
1785156775.3816204,15,327.671875,1642.0
1785156775.3816204,15,329.3125,1646.0
1785156775.3816204,15,331.015625,1657.25
1785156775.3816204,15,332.59375,1672.75
1785156775.3816204,15,349.96875,6793.25
1785156775.4931993,15,351.609375,6765.5
1785156775.4931993,15,353.25,6741.75
1785156775.4931993,15,354.890625,6726.0
1785156775.4931993,15,356.515625,6715.75
1785156775.4931993,15,358.15625,6733.25
1785156775.4931993,15,359.796875,6729.25
1785156775.4931993,15,1.4375,6693.25
1785156775.4931993,15,3.078125,6675.0
1785156775.4931993,15,4.71875,6698.5
1785156775.4931993,15,6.359375,6721.75
1785156775.4931993,15,9.640625,6737.25
1785156775.4931993,15,11.203125,6763.0
1785156775.4931993,15,22.625,7345.75
1785156775.4931993,15,26.53125,1662.25
1785156775.4931993,15,48.671875,105.75
1785156775.4931993,15,167.390625,1618.5
1785156775.4931993,15,169.046875,1596.0
1785156775.4931993,15,219.203125,3161.25
1785156775.4931993,15,222.484375,2986.75
1785156775.4931993,11,227.4375,2704.25
1785156775.4931993,15,229.09375,2637.25
1785156775.4931993,13,230.75,2572.25
1785156775.4931993,15,232.390625,2513.25
1785156775.4931993,9,234.015625,2463.5
1785156775.4931993,15,235.6875,2418.0
1785156775.4931993,12,237.3125,2363.75
1785156775.4931993,15,239.0,2313.25
1785156775.4931993,15,240.609375,2285.75
1785156775.4931993,15,242.265625,2261.5
1785156775.4931993,10,260.3125,2049.75
1785156775.4931993,15,261.953125,2029.75
1785156775.4931993,15,263.578125,1999.75
1785156775.4931993,15,265.25,1974.25
1785156775.4931993,15,266.828125,1982.25
1785156775.4931993,15,268.484375,1993.25
1785156775.4931993,15,270.125,1990.0
1785156775.4931993,15,271.75,1994.5
1785156775.4931993,15,273.359375,1999.25
1785156775.4931993,15,274.984375,1999.0
1785156775.4931993,15,276.625,1996.0
1785156775.4931993,15,278.25,2004.0
1785156775.4931993,15,279.859375,2019.75
1785156775.4931993,14,281.5,2031.75
1785156775.4931993,11,283.140625,2044.25
1785156775.4931993,15,284.765625,2038.25
1785156775.4931993,15,286.390625,2045.25
1785156775.4931993,8,288.015625,2086.5
1785156775.4931993,15,299.515625,2253.5
1785156775.4931993,15,301.171875,2276.25
1785156775.4931993,9,302.796875,2319.25
1785156775.4931993,6,304.421875,2360.0
1785156775.4931993,14,306.03125,2403.5
1785156775.4931993,7,307.65625,2450.0
1785156775.4931993,7,309.296875,2502.0
1785156775.4931993,9,310.9375,2547.5
1785156775.4931993,15,316.21875,1594.5
1785156775.4931993,15,317.8125,1589.25
1785156775.4931993,15,319.46875,1615.25
1785156775.4931993,15,321.046875,1653.25
1785156775.4931993,15,325.984375,1661.25
1785156775.4931993,15,327.625,1658.5
1785156775.4931993,15,329.265625,1668.75
1785156775.4931993,15,330.9375,1683.25
1785156775.4931993,15,332.546875,1711.5
1785156775.4931993,15,349.890625,6767.0
1785156775.6077955,15,351.53125,6731.5
1785156775.6077955,15,353.15625,6731.5
1785156775.6077955,15,354.8125,6722.25
1785156775.6077955,15,356.4375,6716.0
1785156775.6077955,15,358.078125,6713.25
1785156775.6077955,15,359.71875,6694.75
1785156775.6077955,15,1.34375,6684.25
1785156775.6077955,15,2.96875,6737.75
1785156775.6077955,15,4.625,6749.25
1785156775.6077955,15,6.265625,6711.5
1785156775.6077955,15,9.53125,6735.75
1785156775.6077955,15,11.140625,6771.25
1785156775.6077955,15,12.796875,6808.0
1785156775.6077955,15,24.921875,1636.75
1785156775.6077955,15,48.15625,106.0
1785156775.6077955,15,167.171875,1608.0
1785156775.6077955,15,168.8125,1594.25
1785156775.6077955,15,170.484375,1581.5
1785156775.6077955,9,172.125,1573.0
1785156775.6077955,3,215.796875,3418.75
1785156775.6077955,15,222.390625,2985.5
1785156775.6077955,15,227.34375,2725.0
1785156775.6077955,11,230.609375,2571.0
1785156775.6077955,15,232.28125,2508.0
1785156775.6077955,10,233.921875,2459.25
1785156775.6077955,15,235.578125,2422.5
1785156775.6077955,9,237.1875,2371.5
1785156775.6077955,15,238.859375,2322.5
1785156775.6077955,15,240.484375,2290.75
1785156775.6077955,14,242.140625,2262.25
1785156775.6077955,7,243.75,2240.25
1785156775.6077955,11,258.5625,2049.25
1785156775.6077955,15,260.21875,2043.0
1785156775.6077955,15,261.8125,2029.75
1785156775.6077955,15,263.46875,2000.75
1785156775.6077955,15,265.125,1970.0
1785156775.6077955,15,266.78125,1972.75
1785156775.6077955,15,268.40625,1981.0
1785156775.6077955,15,270.03125,1976.0
1785156775.6077955,15,271.671875,1976.5
1785156775.6077955,15,273.265625,1980.25
1785156775.6077955,15,274.9375,1981.0
1785156775.6077955,15,276.53125,1981.0
1785156775.6077955,15,278.171875,1995.25
1785156775.6077955,15,279.8125,2008.25
1785156775.6077955,15,281.4375,2022.5
1785156775.6077955,15,283.0625,2041.5
1785156775.6077955,15,284.6875,2036.5
1785156775.6077955,15,286.3125,2056.0
1785156775.6077955,15,301.078125,2282.75
1785156775.6077955,8,302.703125,2335.5
1785156775.6077955,15,304.34375,2388.75
1785156775.6077955,8,305.984375,2423.25
1785156775.6077955,15,307.609375,2467.75
1785156775.6077955,12,309.234375,2518.0
1785156775.6077955,15,310.875,2566.25
1785156775.6077955,15,316.171875,1593.0
1785156775.6077955,15,317.765625,1609.75
1785156775.6077955,15,319.421875,1646.75
1785156775.6077955,15,322.578125,1828.0
1785156775.6077955,15,325.90625,1674.25
1785156775.6077955,15,327.5625,1678.75
1785156775.6077955,15,329.171875,1688.5
1785156775.6077955,15,330.8125,1703.0
1785156775.6077955,15,348.25,6822.5
1785156775.6077955,15,349.90625,6776.5
1785156775.720091,15,351.546875,6737.5
1785156775.720091,15,353.171875,6731.0
1785156775.720091,15,354.828125,6721.5
1785156775.720091,15,356.46875,6716.5
1785156775.720091,15,358.109375,6719.0
1785156775.720091,15,359.75,6698.25
1785156775.720091,15,1.390625,6681.5
1785156775.720091,15,3.03125,6677.75
1785156775.720091,15,4.65625,6699.75
1785156775.720091,15,6.3125,6725.5
1785156775.720091,15,7.953125,6731.0
1785156775.720091,15,9.578125,6752.25
1785156775.720091,15,11.171875,6778.25
1785156775.720091,15,24.96875,1629.25
1785156775.720091,15,47.484375,106.0
1785156775.720091,15,168.921875,1573.75
1785156775.720091,15,170.53125,1561.75
1785156775.720091,15,186.171875,10718.5
1785156775.720091,8,212.5625,3641.0
1785156775.720091,15,220.84375,3023.5
1785156775.720091,7,222.46875,2946.0
1785156775.720091,15,224.125,2867.25
1785156775.720091,13,225.78125,2792.5
1785156775.720091,7,227.453125,2721.0
1785156775.720091,15,230.734375,2551.75
1785156775.720091,9,234.0,2443.5
1785156775.720091,15,235.671875,2416.25
1785156775.720091,9,237.328125,2362.25
1785156775.720091,15,238.953125,2313.25
1785156775.720091,15,240.609375,2284.5
1785156775.720091,11,242.25,2260.25
1785156775.720091,15,257.015625,2048.25
1785156775.720091,15,258.6875,2032.0
1785156775.720091,15,260.3125,2019.25
1785156775.720091,15,261.953125,1995.25
1785156775.720091,15,263.578125,1980.5
1785156775.720091,15,265.21875,1965.0
1785156775.720091,15,266.84375,1962.5
1785156775.720091,15,268.5,1973.0
1785156775.720091,15,270.15625,1971.25
1785156775.720091,15,271.78125,1971.5
1785156775.720091,15,273.40625,1972.5
1785156775.720091,15,275.046875,1974.25
1785156775.720091,15,276.671875,1984.0
1785156775.720091,15,278.296875,1992.5
1785156775.720091,15,279.90625,2001.0
1785156775.720091,15,281.5625,2022.0
1785156775.720091,15,283.1875,2040.25
1785156775.720091,15,284.828125,2036.25
1785156775.720091,15,297.828125,2229.25
1785156775.720091,15,299.5,2256.5
1785156775.720091,15,301.15625,2281.0
1785156775.720091,5,302.75,2322.5
1785156775.720091,14,304.40625,2363.25
1785156775.720091,9,306.03125,2408.5
1785156775.720091,12,307.65625,2451.0
1785156775.720091,15,309.265625,2498.25
1785156775.720091,7,310.90625,2548.25
1785156775.720091,15,314.484375,1639.75
1785156775.720091,15,316.140625,1624.75
1785156775.720091,15,317.78125,1645.0
1785156775.720091,15,319.40625,1675.25
1785156775.720091,15,324.328125,1684.75
1785156775.720091,15,326.0,1685.5
1785156775.720091,15,327.578125,1692.75
1785156775.720091,15,329.21875,1706.0
1785156775.720091,15,330.828125,1737.0
1785156775.720091,15,348.3125,6822.0
1785156775.720091,15,349.953125,6771.75
1785156775.8305147,15,351.59375,6739.75
1785156775.8305147,15,353.234375,6729.25
1785156775.8305147,15,354.859375,6759.5
1785156775.8305147,15,356.5,6758.0
1785156775.8305147,15,358.15625,6718.75
1785156775.8305147,15,359.796875,6713.25
1785156775.8305147,15,1.4375,6698.5
1785156775.8305147,15,3.078125,6680.5
1785156775.8305147,15,4.703125,6701.0
1785156775.8305147,15,6.34375,6729.75
1785156775.8305147,15,8.0,6734.5
1785156775.8305147,15,9.625,6752.25
1785156775.8305147,15,11.21875,6784.25
1785156775.8305147,15,23.328125,1615.0
1785156775.8305147,15,48.6875,106.0
1785156775.8305147,15,167.15625,1603.0
1785156775.8305147,15,168.828125,1574.0
1785156775.8305147,15,170.453125,1561.75
1785156775.8305147,15,172.09375,1556.0
1785156775.8305147,9,217.46875,3230.75
1785156775.8305147,15,219.109375,3136.5
1785156775.8305147,10,222.40625,2947.75
1785156775.8305147,15,224.0625,2877.75
1785156775.8305147,15,227.359375,2720.0
1785156775.8305147,15,229.0,2644.75
1785156775.8305147,9,230.671875,2572.25
1785156775.8305147,9,232.296875,2508.5
1785156775.8305147,15,233.9375,2458.75
1785156775.8305147,15,235.578125,2422.0
1785156775.8305147,7,237.25,2382.0
1785156775.8305147,15,238.890625,2329.5
1785156775.8305147,15,240.5,2285.75
1785156775.8305147,15,242.171875,2261.25
1785156775.8305147,9,243.8125,2242.75
1785156775.8305147,15,260.265625,2057.25
1785156775.8305147,15,261.90625,2035.0
1785156775.8305147,15,263.5625,2025.75
1785156775.8305147,15,265.171875,1997.75
1785156775.8305147,15,266.828125,1997.0
1785156775.8305147,15,268.453125,2012.75
1785156775.8305147,15,270.09375,2007.0
1785156775.8305147,15,271.734375,2009.5
1785156775.8305147,15,273.375,2014.75
1785156775.8305147,15,274.96875,2016.5
1785156775.8305147,15,276.609375,2016.25
1785156775.8305147,15,278.25,2025.5
1785156775.8305147,15,279.859375,2035.5
1785156775.8305147,14,281.484375,2038.0
1785156775.8305147,8,283.125,2052.25
1785156775.8305147,15,284.75,2058.0
1785156775.8305147,15,296.125,2211.0
1785156775.8305147,14,297.78125,2231.5
1785156775.8305147,15,299.453125,2273.5
1785156775.8305147,7,301.09375,2316.5
1785156775.8305147,7,302.71875,2353.25
1785156775.8305147,13,304.3125,2391.25
1785156775.8305147,14,305.984375,2438.25
1785156775.8305147,15,307.609375,2485.5
1785156775.8305147,12,309.234375,2521.5
1785156775.8305147,10,310.859375,2572.25
1785156775.8305147,15,317.671875,1672.0
1785156775.8305147,15,319.3125,1711.0
1785156775.8305147,15,324.3125,1699.5
1785156775.8305147,15,325.90625,1701.0
1785156775.8305147,15,327.546875,1713.25
1785156775.8305147,15,329.15625,1733.25
1785156775.8305147,15,348.265625,6816.0
1785156775.8305147,15,349.90625,6779.5
1785156775.9456327,15,351.5625,6712.25
1785156775.9456327,15,353.203125,6696.25
1785156775.9456327,15,354.84375,6720.0
1785156775.9456327,15,356.484375,6723.75
1785156775.9456327,15,358.125,6721.75
1785156775.9456327,15,359.75,6670.5
1785156775.9456327,15,1.40625,6661.0
1785156775.9456327,15,3.046875,6686.25
1785156775.9456327,15,4.6875,6705.25
1785156775.9456327,15,6.328125,6735.75
1785156775.9456327,15,7.96875,6730.5
1785156775.9456327,15,9.59375,6746.25
1785156775.9456327,15,11.15625,6788.75
1785156775.9456327,15,23.296875,1613.25
1785156775.9456327,15,48.46875,106.0
1785156775.9456327,15,167.25,1598.75
1785156775.9456327,15,168.953125,1565.25
1785156775.9456327,15,170.59375,1547.25
1785156775.9456327,15,172.25,1545.5
1785156775.9456327,15,175.46875,1578.0
1785156775.9456327,15,217.453125,3221.75
1785156775.9456327,15,220.75,3019.5
1785156775.9456327,9,224.0625,2838.75
1785156775.9456327,12,225.6875,2776.25
1785156775.9456327,11,227.34375,2717.25
1785156775.9456327,15,228.984375,2643.5
1785156775.9456327,10,230.625,2573.75
1785156775.9456327,14,232.265625,2509.5
1785156775.9456327,8,233.90625,2459.5
1785156775.9456327,15,235.546875,2432.0
1785156775.9456327,4,237.1875,2399.75
1785156775.9456327,5,238.828125,2356.5
1785156775.9456327,15,240.515625,2317.5
1785156775.9456327,15,242.109375,2276.25
1785156775.9456327,15,243.734375,2255.75
1785156775.9456327,13,260.234375,2069.25
1785156775.9456327,15,261.859375,2036.25
1785156775.9456327,15,263.515625,2025.75
1785156775.9456327,15,265.1875,1997.25
1785156775.9456327,15,266.78125,1996.75
1785156775.9456327,15,268.421875,2013.5
1785156775.9456327,15,270.046875,2007.25
1785156775.9456327,15,271.6875,2009.5
1785156775.9456327,15,273.328125,2015.0
1785156775.9456327,15,274.875,2014.75
1785156775.9456327,15,276.515625,2019.25
1785156775.9456327,15,278.125,2025.5
1785156775.9456327,15,279.75,2033.75
1785156775.9456327,9,281.40625,2049.25
1785156775.9456327,15,284.640625,2054.5
1785156775.9456327,15,296.03125,2222.25
1785156775.9456327,15,297.65625,2247.0
1785156775.9456327,15,299.375,2278.0
1785156775.9456327,7,301.0,2316.0
1785156775.9456327,7,302.625,2353.5
1785156775.9456327,15,304.25,2369.5
1785156775.9456327,15,307.484375,2469.75
1785156775.9456327,15,309.15625,2500.75
1785156775.9456327,15,314.375,1658.25
1785156775.9456327,15,315.96875,1662.5
1785156775.9456327,15,317.609375,1703.75
1785156775.9456327,15,319.1875,1748.0
1785156775.9456327,15,320.875,1749.0
1785156775.9456327,15,322.5,1718.75
1785156775.9456327,15,324.203125,1715.75
1785156775.9456327,15,325.828125,1723.75
1785156775.9456327,15,327.46875,1734.25
1785156775.9456327,15,329.09375,1763.0
1785156775.9456327,15,349.765625,6768.5
1785156776.0571961,15,351.421875,6714.25
1785156776.0571961,15,353.046875,6718.5
1785156776.0571961,15,354.6875,6702.75
1785156776.0571961,15,356.328125,6683.0
1785156776.0571961,15,357.953125,6713.0
1785156776.0571961,15,359.59375,6721.5
1785156776.0571961,15,1.234375,6725.75
1785156776.0571961,15,2.875,6769.75
1785156776.0571961,15,4.515625,6748.25
1785156776.0571961,15,6.15625,6732.5
1785156776.0571961,15,7.796875,6740.0
1785156776.0571961,15,9.421875,6770.25
1785156776.0571961,15,11.0,6799.25
1785156776.0571961,15,12.640625,6814.75
1785156776.0571961,15,21.46875,1594.5
1785156776.0571961,15,47.78125,106.25
1785156776.0571961,15,167.046875,1603.5
1785156776.0571961,15,168.65625,1563.75
1785156776.0571961,15,170.3125,1536.25
1785156776.0571961,15,171.9375,1523.75
1785156776.0571961,15,173.578125,1524.0
1785156776.0571961,8,222.171875,2964.0
1785156776.0571961,15,223.796875,2882.5
1785156776.0571961,15,227.109375,2725.5
1785156776.0571961,15,228.75,2660.25
1785156776.0571961,10,232.078125,2513.5
1785156776.0571961,10,233.71875,2464.0
1785156776.0571961,15,235.359375,2429.25
1785156776.0571961,8,237.03125,2382.75
1785156776.0571961,15,238.65625,2329.5
1785156776.0571961,15,240.296875,2291.25
1785156776.0571961,14,241.953125,2264.5
1785156776.0571961,10,243.578125,2248.0
1785156776.0571961,14,261.703125,2043.75
1785156776.0571961,15,263.3125,2019.0
1785156776.0571961,15,264.9375,2001.0
1785156776.0571961,15,266.578125,2016.25
1785156776.0571961,15,268.203125,2027.75
1785156776.0571961,15,269.875,2023.5
1785156776.0571961,15,271.515625,2021.0
1785156776.0571961,15,273.15625,2023.0
1785156776.0571961,15,274.734375,2020.0
1785156776.0571961,15,276.328125,2022.0
1785156776.0571961,15,277.96875,2027.5
1785156776.0571961,15,279.578125,2031.25
1785156776.0571961,11,281.25,2041.0
1785156776.0571961,15,284.5,2056.75
1785156776.0571961,15,295.890625,2230.0
1785156776.0571961,15,297.515625,2248.75
1785156776.0571961,15,299.203125,2278.0
1785156776.0571961,4,300.8125,2320.75
1785156776.0571961,12,302.484375,2352.0
1785156776.0571961,13,304.109375,2362.25
1785156776.0571961,15,307.359375,2479.5
1785156776.0571961,15,308.984375,2504.75
1785156776.0571961,15,315.796875,1705.75
1785156776.0571961,15,317.421875,1737.0
1785156776.0571961,15,322.34375,1731.5
1785156776.0571961,15,324.0625,1737.0
1785156776.0571961,15,325.71875,1746.5
1785156776.0571961,15,327.328125,1767.0
1785156776.0571961,15,348.03125,6825.75
1785156776.0571961,15,349.671875,6795.0
1785156776.1718633,15,351.328125,6746.75
1785156776.1718633,15,352.96875,6717.0
1785156776.1718633,15,354.609375,6729.5
1785156776.1718633,15,356.234375,6719.25
1785156776.1718633,15,357.890625,6716.75
1785156776.1718633,15,359.515625,6763.0
1785156776.1718633,15,1.15625,6754.0
1785156776.1718633,15,2.796875,6738.0
1785156776.1718633,15,4.4375,6768.0
1785156776.1718633,15,6.078125,6721.75
1785156776.1718633,15,7.71875,6695.25
1785156776.1718633,15,9.34375,6769.5
1785156776.1718633,15,10.921875,6797.75
1785156776.1718633,15,19.78125,1590.25
1785156776.1718633,15,21.40625,1597.5
1785156776.1718633,15,26.28125,1796.75
1785156776.1718633,15,48.21875,106.25
1785156776.1718633,15,168.75,1564.0
1785156776.1718633,15,170.390625,1535.5
1785156776.1718633,15,172.078125,1519.75
1785156776.1718633,15,173.703125,1517.75
1785156776.1718633,15,220.625,2995.0
1785156776.1718633,7,222.28125,2922.25
1785156776.1718633,15,225.546875,2767.0
1785156776.1718633,10,227.203125,2708.5
1785156776.1718633,15,228.84375,2644.0
1785156776.1718633,11,230.53125,2581.25
1785156776.1718633,15,232.140625,2512.0
1785156776.1718633,8,233.796875,2462.75
1785156776.1718633,13,235.4375,2435.75
1785156776.1718633,15,237.0625,2412.75
1785156776.1718633,7,238.71875,2368.75
1785156776.1718633,15,240.390625,2329.5
1785156776.1718633,15,242.015625,2300.25
1785156776.1718633,15,243.6875,2270.75
1785156776.1718633,12,245.28125,2257.75
1785156776.1718633,9,246.921875,2248.25
1785156776.1718633,15,263.375,2028.75
1785156776.1718633,15,265.015625,2003.25
1785156776.1718633,15,266.625,2009.5
1785156776.1718633,15,268.265625,2028.25
1785156776.1718633,15,269.875,2024.25
1785156776.1718633,15,271.53125,2025.0
1785156776.1718633,15,273.1875,2031.0
1785156776.1718633,15,274.796875,2033.0
1785156776.1718633,15,276.421875,2031.5
1785156776.1718633,15,278.015625,2036.5
1785156776.1718633,15,279.65625,2043.25
1785156776.1718633,9,281.296875,2051.0
1785156776.1718633,9,284.546875,2076.5
1785156776.1718633,12,294.296875,2230.0
1785156776.1718633,15,295.9375,2239.25
1785156776.1718633,15,297.53125,2259.5
1785156776.1718633,15,299.328125,2279.5
1785156776.1718633,11,300.9375,2318.75
1785156776.1718633,13,302.5625,2355.0
1785156776.1718633,13,304.234375,2368.0
1785156776.1718633,15,307.46875,2482.5
1785156776.1718633,15,309.109375,2511.75
1785156776.1718633,15,315.90625,1738.0
1785156776.1718633,15,317.515625,1778.75
1785156776.1718633,15,319.234375,1779.5
1785156776.1718633,15,320.875,1751.5
1785156776.1718633,15,322.46875,1749.0
1785156776.1718633,15,324.171875,1757.0
1785156776.1718633,15,325.796875,1769.0
1785156776.1718633,15,327.421875,1801.0
1785156776.1718633,15,348.15625,6822.5
1785156776.1718633,15,349.796875,6797.5
1785156776.2822402,15,351.4375,6779.75
1785156776.2822402,15,353.078125,6747.75
1785156776.2822402,15,354.71875,6725.25
1785156776.2822402,15,356.375,6728.25
1785156776.2822402,15,358.0,6719.25
1785156776.2822402,15,359.640625,6707.25
1785156776.2822402,15,1.296875,6721.25
1785156776.2822402,15,2.9375,6715.5
1785156776.2822402,15,4.5625,6701.25
1785156776.2822402,15,7.859375,6723.25
1785156776.2822402,15,9.484375,6748.5
1785156776.2822402,15,11.046875,6776.25
1785156776.2822402,15,19.921875,1577.5
1785156776.2822402,15,24.71875,1794.0
1785156776.2822402,15,26.359375,1793.0
1785156776.2822402,15,48.359375,106.25
1785156776.2822402,15,168.875,1565.75
1785156776.2822402,15,170.46875,1530.75
1785156776.2822402,15,172.15625,1509.25
1785156776.2822402,15,173.78125,1501.5
1785156776.2822402,15,175.40625,1507.25
1785156776.2822402,15,219.171875,3008.25
1785156776.2822402,8,222.46875,2828.0
1785156776.2822402,15,224.125,2752.25
1785156776.2822402,9,225.765625,2686.5
1785156776.2822402,15,227.375,2632.75
1785156776.2822402,9,229.0,2574.75
1785156776.2822402,12,230.640625,2512.75
1785156776.2822402,10,232.296875,2463.75
1785156776.2822402,15,233.921875,2429.0
1785156776.2822402,6,235.5625,2393.0
1785156776.2822402,8,237.21875,2347.75
1785156776.2822402,15,238.875,2299.75
1785156776.2822402,15,240.484375,2272.25
1785156776.2822402,7,242.140625,2259.5
1785156776.2822402,10,258.546875,2061.25
1785156776.2822402,11,260.171875,2046.5
1785156776.2822402,15,261.78125,2037.5
1785156776.2822402,15,263.4375,2023.25
1785156776.2822402,15,265.109375,2002.25
1785156776.2822402,15,266.6875,2002.5
1785156776.2822402,15,268.359375,2013.75
1785156776.2822402,15,269.96875,2009.25
1785156776.2822402,15,271.609375,2017.25
1785156776.2822402,15,273.265625,2028.25
1785156776.2822402,15,274.890625,2031.5
1785156776.2822402,15,276.5,2031.25
1785156776.2822402,15,278.125,2035.5
1785156776.2822402,13,279.765625,2044.25
1785156776.2822402,13,292.75,2249.5
1785156776.2822402,15,294.421875,2251.75
1785156776.2822402,15,296.03125,2260.5
1785156776.2822402,15,297.65625,2289.5
1785156776.2822402,6,299.40625,2323.5
1785156776.2822402,15,301.015625,2369.5
1785156776.2822402,15,302.625,2413.5
1785156776.2822402,6,304.265625,2440.75
1785156776.2822402,15,305.9375,2481.25
1785156776.2822402,13,307.5625,2527.25
1785156776.2822402,15,314.390625,1742.5
1785156776.2822402,15,316.015625,1775.5
1785156776.2822402,15,317.625,1818.5
1785156776.2822402,15,320.9375,1769.5
1785156776.2822402,15,322.578125,1769.75
1785156776.2822402,15,324.21875,1777.25
1785156776.2822402,15,325.875,1795.25
1785156776.2822402,15,348.203125,6829.5
1785156776.2822402,15,349.859375,6793.0
1785156776.3951538,15,351.484375,6767.5
1785156776.3951538,15,353.140625,6740.75
1785156776.3951538,15,354.765625,6713.75
1785156776.3951538,15,356.40625,6719.5
1785156776.3951538,15,358.046875,6720.75
1785156776.3951538,15,359.6875,6707.25
1785156776.3951538,15,1.328125,6692.75
1785156776.3951538,15,2.96875,6687.5
1785156776.3951538,15,4.609375,6699.75
1785156776.3951538,15,6.234375,6721.0
1785156776.3951538,15,7.890625,6731.75
1785156776.3951538,15,9.515625,6750.25
1785156776.3951538,15,11.125,6787.75
1785156776.3951538,15,18.421875,1564.5
1785156776.3951538,15,24.859375,1772.75
1785156776.3951538,15,47.28125,106.25
1785156776.3951538,15,168.796875,1578.25
1785156776.3951538,15,173.796875,1497.0
1785156776.3951538,15,175.40625,1494.0
1785156776.3951538,15,219.15625,3012.25
1785156776.3951538,15,222.46875,2831.5
1785156776.3951538,15,224.09375,2756.5
1785156776.3951538,10,225.75,2689.75
1785156776.3951538,15,227.359375,2633.75
1785156776.3951538,9,229.03125,2574.75
1785156776.3951538,9,230.671875,2512.25
1785156776.3951538,10,232.328125,2463.0
1785156776.3951538,15,233.96875,2430.5
1785156776.3951538,15,235.625,2405.0
1785156776.3951538,15,237.234375,2360.75
1785156776.3951538,15,238.90625,2313.5
1785156776.3951538,15,240.53125,2282.25
1785156776.3951538,11,242.1875,2259.0
1785156776.3951538,9,260.203125,2044.75
1785156776.3951538,15,261.8125,2034.25
1785156776.3951538,15,263.46875,2021.0
1785156776.3951538,15,265.140625,2001.0
1785156776.3951538,15,266.734375,2001.0
1785156776.3951538,15,268.359375,2011.0
1785156776.3951538,15,270.0,2008.5
1785156776.3951538,15,271.640625,2007.25
1785156776.3951538,15,273.265625,2007.0
1785156776.3951538,15,274.890625,2007.0
1785156776.3951538,15,276.5,2017.25
1785156776.3951538,15,278.15625,2024.0
1785156776.3951538,15,279.78125,2032.25
1785156776.3951538,15,281.40625,2050.0
1785156776.3951538,15,286.296875,2047.0
1785156776.3951538,10,296.015625,2251.5
1785156776.3951538,15,297.625,2265.0
1785156776.3951538,15,299.375,2287.5
1785156776.3951538,13,301.046875,2306.75
1785156776.3951538,5,302.640625,2344.25
1785156776.3951538,14,304.28125,2373.5
1785156776.3951538,15,307.5,2502.5
1785156776.3951538,15,314.328125,1777.75
1785156776.3951538,15,315.953125,1807.5
1785156776.3951538,15,317.578125,1805.0
1785156776.3951538,15,319.21875,1784.0
1785156776.3951538,15,320.875,1782.0
1785156776.3951538,15,322.53125,1788.75
1785156776.3951538,15,324.140625,1803.0
1785156776.3951538,10,325.75,1838.0
1785156776.3951538,11,340.03125,5078.5
1785156776.3951538,15,348.1875,6862.0
1785156776.3951538,15,349.8125,6798.25
1785156776.50807,15,351.453125,6766.0
1785156776.50807,15,353.109375,6736.5
1785156776.50807,15,354.75,6709.5
1785156776.50807,15,356.375,6720.25
1785156776.50807,15,358.03125,6726.75
1785156776.50807,15,359.65625,6710.5
1785156776.50807,15,1.296875,6700.0
1785156776.50807,15,2.9375,6690.0
1785156776.50807,15,4.578125,6699.5
1785156776.50807,15,6.21875,6720.25
1785156776.50807,15,7.859375,6723.75
1785156776.50807,15,9.5,6746.25
1785156776.50807,15,11.109375,6784.5
1785156776.50807,15,16.75,1573.0
1785156776.50807,15,18.390625,1570.5
1785156776.50807,15,23.21875,1765.75
1785156776.50807,15,24.796875,1767.5
1785156776.50807,15,47.296875,106.25
1785156776.50807,15,170.484375,1536.25
1785156776.50807,15,172.203125,1509.0
1785156776.50807,15,173.84375,1496.0
1785156776.50807,15,175.46875,1485.75
1785156776.50807,15,177.109375,1489.5
1785156776.50807,11,209.25,3882.25
1785156776.50807,15,219.1875,3055.25
1785156776.50807,15,222.46875,2867.0
1785156776.50807,12,224.125,2789.25
1785156776.50807,15,225.765625,2717.25
1785156776.50807,15,227.421875,2647.0
1785156776.50807,6,229.078125,2588.75
1785156776.50807,15,230.734375,2530.5
1785156776.50807,7,232.40625,2471.25
1785156776.50807,15,234.015625,2433.0
1785156776.50807,15,235.671875,2404.75
1785156776.50807,15,237.328125,2360.0
1785156776.50807,15,238.953125,2311.25
1785156776.50807,15,240.625,2279.5
1785156776.50807,10,242.265625,2258.0
1785156776.50807,10,258.703125,2066.5
1785156776.50807,15,260.328125,2044.25
1785156776.50807,15,261.953125,2036.75
1785156776.50807,15,263.640625,2028.75
1785156776.50807,15,265.25,2014.75
1785156776.50807,15,266.875,2015.5
1785156776.50807,15,268.515625,2024.75
1785156776.50807,15,270.140625,2024.75
1785156776.50807,15,271.796875,2019.75
1785156776.50807,15,273.421875,2025.0
1785156776.50807,15,275.046875,2035.75
1785156776.50807,15,276.71875,2038.5
1785156776.50807,13,278.328125,2048.25
1785156776.50807,13,286.46875,2071.0
1785156776.50807,15,291.328125,2239.75
1785156776.50807,15,293.0,2248.5
1785156776.50807,15,294.625,2263.75
1785156776.50807,15,296.25,2279.75
1785156776.50807,15,297.890625,2303.25
1785156776.50807,7,299.578125,2335.5
1785156776.50807,15,301.1875,2378.25
1785156776.50807,9,302.8125,2418.75
1785156776.50807,6,304.4375,2437.0
1785156776.50807,9,307.71875,2548.25
1785156776.50807,15,314.515625,1810.75
1785156776.50807,15,316.125,1823.75
1785156776.50807,15,317.796875,1811.75
1785156776.50807,15,319.4375,1803.75
1785156776.50807,15,321.078125,1806.5
1785156776.50807,15,322.671875,1811.25
1785156776.50807,15,324.3125,1827.5
1785156776.50807,11,338.578125,5079.5
1785156776.50807,15,346.765625,6855.75
1785156776.50807,15,348.40625,6828.0
1785156776.50807,15,350.046875,6776.25
1785156776.61993,15,351.6875,6769.0
1785156776.61993,15,353.328125,6760.75
1785156776.61993,15,354.984375,6723.75
1785156776.61993,15,356.625,6719.5
1785156776.61993,15,358.265625,6700.25
1785156776.61993,15,359.890625,6693.75
1785156776.61993,15,1.546875,6705.25
1785156776.61993,15,3.171875,6717.5
1785156776.61993,15,4.8125,6730.5
1785156776.61993,15,6.46875,6721.25
1785156776.61993,15,8.109375,6734.5
1785156776.61993,15,9.75,6785.25
1785156776.61993,7,11.34375,6834.75
1785156776.61993,15,16.96875,1552.25
1785156776.61993,15,23.453125,1746.25
1785156776.61993,15,48.71875,106.0
1785156776.61993,15,170.765625,1538.75
1785156776.61993,15,172.484375,1508.25
1785156776.61993,15,174.09375,1490.25
1785156776.61993,15,175.78125,1477.75
1785156776.61993,15,177.34375,1476.75
1785156776.61993,8,179.0,1491.75
1785156776.61993,15,219.421875,3056.25
1785156776.61993,15,224.390625,2765.0
1785156776.61993,12,226.03125,2692.25
1785156776.61993,15,227.6875,2623.25
1785156776.61993,8,229.3125,2568.75
1785156776.61993,15,230.921875,2521.25
1785156776.61993,9,232.609375,2470.75
1785156776.61993,15,234.21875,2434.5
1785156776.61993,15,235.890625,2408.75
1785156776.61993,6,237.546875,2370.75
1785156776.61993,15,239.1875,2324.75
1785156776.61993,15,240.828125,2278.5
1785156776.61993,15,242.453125,2258.25
1785156776.61993,15,244.109375,2251.75
1785156776.61993,15,262.234375,2042.0
1785156776.61993,15,263.890625,2030.5
1785156776.61993,15,265.546875,2005.5
1785156776.61993,15,267.15625,2002.0
1785156776.61993,15,268.796875,2012.0
1785156776.61993,15,270.421875,2007.5
1785156776.61993,15,272.0625,2005.25
1785156776.61993,15,273.703125,2009.5
1785156776.61993,15,275.28125,2015.25
1785156776.61993,15,276.890625,2021.25
1785156776.61993,15,278.53125,2031.25
1785156776.61993,14,280.171875,2040.75
1785156776.61993,11,294.8125,2251.0
1785156776.61993,15,296.453125,2260.25
1785156776.61993,15,298.109375,2279.75
1785156776.61993,15,299.796875,2306.5
1785156776.61993,5,301.40625,2340.75
1785156776.61993,15,303.015625,2391.0
1785156776.61993,11,304.6875,2398.0
1785156776.61993,15,313.0625,1813.25
1785156776.61993,15,314.671875,1845.25
1785156776.61993,15,316.3125,1842.5
1785156776.61993,15,317.984375,1817.0
1785156776.61993,15,319.640625,1818.25
1785156776.61993,15,321.296875,1824.75
1785156776.61993,15,322.9375,1837.5
1785156776.61993,15,348.546875,6839.25
1785156776.61993,15,350.203125,6760.75
1785156776.8467817,15,351.71875,6741.0
1785156776.8467817,15,353.359375,6733.75
1785156776.8467817,15,354.984375,6721.25
1785156776.8467817,15,356.625,6721.5
1785156776.8467817,15,358.25,6750.5
1785156776.8467817,15,359.90625,6742.25
1785156776.8467817,15,1.53125,6707.75
1785156776.8467817,15,3.171875,6715.5
1785156776.8467817,15,6.453125,6728.75
1785156776.8467817,15,8.09375,6747.75
1785156776.8467817,15,9.71875,6790.0
1785156776.8467817,15,11.28125,6842.75
1785156776.8467817,15,15.296875,1545.75
1785156776.8467817,15,21.6875,1728.5
1785156776.8467817,15,47.25,106.0
1785156776.8467817,15,170.46875,1577.0
1785156776.8467817,15,172.125,1530.5
1785156776.8467817,15,173.75,1496.0
1785156776.8467817,15,175.4375,1474.75
1785156776.8467817,15,177.09375,1463.75
1785156776.8467817,15,178.6875,1463.0
1785156776.8467817,15,180.328125,1477.5
1785156776.8467817,7,217.375,3229.25
1785156776.8467817,15,220.640625,3036.25
1785156776.8467817,15,223.9375,2868.5
1785156776.8467817,9,227.265625,2710.75
1785156776.8467817,15,228.9375,2641.0
1785156776.8467817,10,230.578125,2583.0
1785156776.8467817,10,232.203125,2543.25
1785156776.8467817,7,233.875,2497.0
1785156776.8467817,12,235.5,2455.25
1785156776.8467817,15,237.15625,2430.5
1785156776.8467817,5,238.765625,2391.75
1785156776.8467817,7,240.40625,2345.75
1785156776.8467817,15,242.0625,2304.0
1785156776.8467817,15,243.6875,2272.75
1785156776.8467817,13,245.328125,2257.75
1785156776.8467817,15,265.03125,2033.5
1785156776.8467817,15,266.65625,2030.75
1785156776.8467817,15,268.3125,2030.75
1785156776.8467817,15,269.953125,2027.5
1785156776.8467817,15,271.578125,2029.0
1785156776.8467817,15,273.25,2030.75
1785156776.8467817,15,274.8125,2034.5
1785156776.8467817,15,276.46875,2041.5
1785156776.8467817,13,278.0625,2050.5
1785156776.8467817,9,279.703125,2063.5
1785156776.8467817,8,284.578125,2084.5
1785156776.8467817,10,286.234375,2109.5
1785156776.8467817,15,295.96875,2254.0
1785156776.8467817,15,297.578125,2268.25
1785156776.8467817,14,299.328125,2303.75
1785156776.8467817,11,300.9375,2321.25
1785156776.8467817,15,304.234375,2403.0
1785156776.8467817,15,305.828125,2435.0
1785156776.8467817,15,312.5625,1868.25
1785156776.8467817,15,314.1875,1869.25
1785156776.8467817,15,315.84375,1854.0
1785156776.8467817,15,317.484375,1852.25
1785156776.8467817,15,319.171875,1853.0
1785156776.8467817,15,320.78125,1864.25
1785156776.8467817,9,322.375,1898.75
1785156776.8467817,15,348.140625,6858.0
1785156776.8467817,15,349.78125,6797.5
1785156776.9569833,15,351.421875,6763.0
1785156776.9569833,15,353.046875,6737.5
1785156776.9569833,15,354.703125,6720.75
1785156776.9569833,15,356.34375,6712.0
1785156776.9569833,15,357.96875,6716.0
1785156776.9569833,15,359.609375,6714.0
1785156776.9569833,15,1.25,6724.25
1785156776.9569833,15,2.890625,6751.0
1785156776.9569833,15,6.15625,6734.0
1785156776.9569833,15,7.796875,6724.0
1785156776.9569833,15,9.4375,6765.0
1785156776.9569833,15,13.4375,1528.0
1785156776.9569833,15,19.84375,1722.75
1785156776.9569833,15,21.4375,1731.5
1785156776.9569833,15,48.0,106.25
1785156776.9569833,15,173.609375,1503.25
1785156776.9569833,15,175.28125,1476.0
1785156776.9569833,15,176.890625,1460.75
1785156776.9569833,15,178.578125,1456.75
1785156776.9569833,15,180.109375,1460.5
1785156776.9569833,15,218.84375,3185.75
1785156776.9569833,15,222.15625,3008.0
1785156776.9569833,15,227.09375,2724.25
1785156776.9569833,9,228.765625,2660.25
1785156776.9569833,8,230.421875,2600.5
1785156776.9569833,11,232.03125,2556.25
1785156776.9569833,15,233.703125,2511.25
1785156776.9569833,8,235.328125,2461.75
1785156776.9569833,15,236.953125,2427.75
1785156776.9569833,7,238.625,2388.75
1785156776.9569833,15,240.25,2342.0
1785156776.9569833,15,241.921875,2306.25
1785156776.9569833,15,243.5625,2273.75
1785156776.9569833,10,245.171875,2256.75
1785156776.9569833,13,264.9375,2042.5
1785156776.9569833,13,266.578125,2035.75
1785156776.9569833,15,268.203125,2039.0
1785156776.9569833,15,269.84375,2043.5
1785156776.9569833,14,271.4375,2041.5
1785156776.9569833,13,273.109375,2044.5
1785156776.9569833,12,274.734375,2045.5
1785156776.9569833,15,292.46875,2279.25
1785156776.9569833,15,294.078125,2297.25
1785156776.9569833,6,295.734375,2327.5
1785156776.9569833,15,297.328125,2364.25
1785156776.9569833,15,299.109375,2406.0
1785156776.9569833,8,300.75,2431.0
1785156776.9569833,8,302.375,2455.5
1785156776.9569833,15,304.015625,2500.25
1785156776.9569833,15,305.65625,2555.25
1785156776.9569833,15,309.15625,1758.0
1785156776.9569833,15,312.375,1893.75
1785156776.9569833,15,314.0625,1894.5
1785156776.9569833,15,315.71875,1876.5
1785156776.9569833,15,317.3125,1874.25
1785156776.9569833,15,318.96875,1878.25
1785156776.9569833,15,320.59375,1887.5
1785156776.9569833,15,346.25,6955.25
1785156776.9569833,15,347.890625,6856.75
1785156776.9569833,15,349.53125,6803.0
1785156777.0716474,15,351.15625,6775.25
1785156777.0716474,15,352.8125,6762.0
1785156777.0716474,15,354.453125,6736.25
1785156777.0716474,15,356.078125,6723.5
1785156777.0716474,15,357.703125,6725.75
1785156777.0716474,15,359.359375,6703.25
1785156777.0716474,15,0.984375,6711.25
1785156777.0716474,15,2.625,6729.75
1785156777.0716474,15,4.265625,6708.5
1785156777.0716474,15,5.90625,6697.75
1785156777.0716474,15,7.53125,6715.75
1785156777.0716474,15,9.171875,6749.75
1785156777.0716474,15,13.25,1529.25
1785156777.0716474,15,19.671875,1708.5
1785156777.0716474,15,47.765625,105.75
1785156777.0716474,15,173.703125,1504.5
1785156777.0716474,15,175.296875,1476.0
1785156777.0716474,15,176.9375,1462.75
1785156777.0716474,15,178.59375,1462.0
1785156777.0716474,15,180.234375,1467.5
1785156777.0716474,15,181.859375,1473.75
1785156777.0716474,10,209.125,4148.0
1785156777.0716474,15,220.71875,3169.75
1785156777.0716474,6,222.359375,3083.0
1785156777.0716474,15,224.0,3017.0
1785156777.0716474,15,227.234375,2862.5
1785156777.0716474,15,228.890625,2796.0
1785156777.0716474,15,230.515625,2733.25
1785156777.0716474,8,232.203125,2671.75
1785156777.0716474,15,233.828125,2621.25
1785156777.0716474,8,235.484375,2574.75
1785156777.0716474,15,237.109375,2538.75
1785156777.0716474,15,238.75,2508.75
1785156777.0716474,8,240.40625,2467.0
1785156777.0716474,10,242.015625,2441.0
1785156777.0716474,15,243.65625,2422.0
1785156777.0716474,5,245.296875,2390.0
1785156777.0716474,4,246.953125,2361.75
1785156777.0716474,15,248.625,2335.75
1785156777.0716474,15,250.21875,2305.0
1785156777.0716474,15,251.90625,2280.5
1785156777.0716474,15,253.5625,2266.25
1785156777.0716474,15,255.203125,2260.75
1785156777.0716474,11,256.8125,2255.0
1785156777.0716474,10,283.0,2252.5
1785156777.0716474,15,284.640625,2257.5
1785156777.0716474,15,286.28125,2276.25
1785156777.0716474,15,287.9375,2292.0
1785156777.0716474,8,289.53125,2313.0
1785156777.0716474,15,291.203125,2319.75
1785156777.0716474,13,294.4375,2402.25
1785156777.0716474,15,296.0625,2424.25
1785156777.0716474,9,297.6875,2443.5
1785156777.0716474,15,299.421875,2468.0
1785156777.0716474,15,301.046875,2501.5
1785156777.0716474,15,302.703125,2506.5
1785156777.0716474,15,311.078125,1881.25
1785156777.0716474,15,312.71875,1919.25
1785156777.0716474,15,314.390625,1916.75
1785156777.0716474,15,316.015625,1885.75
1785156777.0716474,15,317.640625,1881.5
1785156777.0716474,15,319.34375,1884.0
1785156777.0716474,15,320.921875,1900.0
1785156777.0716474,11,338.53125,5082.75
1785156777.0716474,15,348.296875,6867.75
1785156777.0716474,15,349.9375,6821.5
1785156777.1842532,15,351.578125,6759.0
1785156777.1842532,15,353.234375,6740.25
1785156777.1842532,15,354.859375,6718.25
1785156777.1842532,15,356.515625,6719.75
1785156777.1842532,15,358.15625,6720.75
1785156777.1842532,15,359.78125,6715.25
1785156777.1842532,15,1.421875,6706.5
1785156777.1842532,15,3.0625,6708.75
1785156777.1842532,15,4.6875,6727.5
1785156777.1842532,15,6.34375,6737.5
1785156777.1842532,15,7.984375,6740.0
1785156777.1842532,15,11.984375,1525.0
1785156777.1842532,15,13.640625,1541.75
1785156777.1842532,15,20.0625,1711.25
1785156777.1842532,15,47.1875,105.75
1785156777.1842532,15,173.984375,1500.25
1785156777.1842532,15,175.65625,1473.5
1785156777.1842532,15,177.265625,1459.75
1785156777.1842532,15,178.90625,1462.0
1785156777.1842532,15,180.625,1466.75
1785156777.1842532,15,182.265625,1477.75
1785156777.1842532,8,207.8125,4141.5
1785156777.1842532,15,217.75,3175.5
1785156777.1842532,7,219.40625,3103.0
1785156777.1842532,15,222.71875,2900.25
1785156777.1842532,15,226.03125,2739.5
1785156777.1842532,10,227.640625,2679.5
1785156777.1842532,15,230.90625,2550.25
1785156777.1842532,9,232.578125,2499.0
1785156777.1842532,15,234.234375,2453.5
1785156777.1842532,15,235.84375,2419.25
1785156777.1842532,7,237.484375,2367.0
1785156777.1842532,15,239.171875,2319.75
1785156777.1842532,15,240.796875,2286.5
1785156777.1842532,13,242.421875,2267.75
1785156777.1842532,11,262.15625,2043.0
1785156777.1842532,15,263.796875,2041.5
1785156777.1842532,15,265.40625,2036.5
1785156777.1842532,15,267.046875,2031.5
1785156777.1842532,15,268.6875,2033.75
1785156777.1842532,15,270.28125,2032.75
1785156777.1842532,15,271.9375,2033.5
1785156777.1842532,15,273.5625,2033.0
1785156777.1842532,12,275.234375,2038.5
1785156777.1842532,11,276.84375,2049.75
1785156777.1842532,15,291.5,2249.25
1785156777.1842532,15,293.15625,2262.0
1785156777.1842532,15,294.765625,2281.0
1785156777.1842532,3,296.390625,2319.25
1785156777.1842532,5,298.0625,2356.5
1785156777.1842532,7,299.71875,2375.25
1785156777.1842532,9,301.359375,2408.75
1785156777.1842532,15,302.984375,2447.0
1785156777.1842532,15,304.625,2476.0
1785156777.1842532,15,311.359375,1881.75
1785156777.1842532,15,313.03125,1892.25
1785156777.1842532,15,314.640625,1882.75
1785156777.1842532,15,316.28125,1878.75
1785156777.1842532,15,317.90625,1878.75
1785156777.1842532,15,319.5625,1888.0
1785156777.1842532,15,321.21875,1909.0
1785156777.1842532,13,338.78125,5095.0
1785156777.1842532,15,346.9375,6875.25
1785156777.1842532,15,348.578125,6848.0
1785156777.1842532,15,350.21875,6768.75
1785156777.2947772,15,351.875,6721.5
1785156777.2947772,15,353.5,6702.0
1785156777.2947772,15,355.140625,6699.0
1785156777.2947772,15,356.796875,6725.75
1785156777.2947772,15,358.4375,6720.75
1785156777.2947772,15,0.078125,6706.5
1785156777.2947772,15,1.71875,6730.75
1785156777.2947772,15,3.34375,6729.0
1785156777.2947772,15,4.984375,6716.5
1785156777.2947772,15,6.640625,6711.5
1785156777.2947772,15,8.28125,6713.75
1785156777.2947772,15,12.25,1520.75
1785156777.2947772,15,18.71875,1718.75
1785156777.2947772,15,20.359375,1718.0
1785156777.2947772,15,46.125,107.75
1785156777.2947772,15,48.875,105.5
1785156777.2947772,15,51.140625,103.25
1785156777.2947772,15,174.3125,1494.25
1785156777.2947772,15,175.984375,1472.25
1785156777.2947772,15,177.59375,1459.5
1785156777.2947772,15,179.265625,1460.75
1785156777.2947772,15,180.890625,1463.25
1785156777.2947772,15,182.546875,1472.25
1785156777.2947772,11,208.0625,4122.0
1785156777.2947772,8,213.03125,3652.25
1785156777.2947772,13,217.96875,3218.5
1785156777.2947772,15,221.28125,3018.75
1785156777.2947772,6,222.921875,2937.0
1785156777.2947772,15,226.234375,2769.5
1785156777.2947772,15,229.5625,2625.0
1785156777.2947772,10,231.1875,2567.75
1785156777.2947772,15,232.828125,2518.75
1785156777.2947772,10,234.484375,2469.25
1785156777.2947772,15,236.15625,2433.0
1785156777.2947772,15,237.78125,2401.0
1785156777.2947772,9,239.421875,2356.0
1785156777.2947772,15,241.078125,2316.5
1785156777.2947772,15,242.6875,2281.25
1785156777.2947772,12,244.375,2257.75
1785156777.2947772,14,264.109375,2046.0
1785156777.2947772,15,265.71875,2022.5
1785156777.2947772,15,267.34375,2020.5
1785156777.2947772,15,268.984375,2037.25
1785156777.2947772,15,270.625,2037.0
1785156777.2947772,15,272.25,2037.25
1785156777.2947772,15,273.875,2040.75
1785156777.2947772,15,275.5,2042.75
1785156777.2947772,13,277.15625,2049.0
1785156777.2947772,9,278.765625,2060.0
1785156777.2947772,14,285.328125,2067.25
1785156777.2947772,14,291.828125,2234.0
1785156777.2947772,15,293.453125,2252.75
1785156777.2947772,15,295.0625,2265.5
1785156777.2947772,15,296.703125,2292.0
1785156777.2947772,8,298.359375,2328.0
1785156777.2947772,7,300.078125,2353.5
1785156777.2947772,15,301.65625,2392.75
1785156777.2947772,9,303.3125,2430.5
1785156777.2947772,10,304.9375,2448.5
1785156777.2947772,15,311.6875,1890.0
1785156777.2947772,15,313.328125,1889.75
1785156777.2947772,15,314.984375,1871.5
1785156777.2947772,15,316.625,1873.0
1785156777.2947772,15,318.21875,1877.5
1785156777.2947772,15,319.859375,1889.25
1785156777.2947772,15,321.5,1918.5
1785156777.2947772,11,339.109375,5125.25
1785156777.2947772,15,347.265625,6867.0
1785156777.2947772,15,348.921875,6820.0
1785156777.4061685,15,350.546875,6768.25
1785156777.4061685,15,352.1875,6758.25
1785156777.4061685,15,353.84375,6761.0
1785156777.4061685,15,355.484375,6728.0
1785156777.4061685,15,357.125,6713.5
1785156777.4061685,15,358.765625,6748.0
1785156777.4061685,15,0.40625,6735.75
1785156777.4061685,15,2.046875,6706.75
1785156777.4061685,15,3.703125,6742.0
1785156777.4061685,15,5.34375,6729.25
1785156777.4061685,15,6.984375,6714.75
1785156777.4061685,15,8.625,6734.25
1785156777.4061685,15,12.578125,1522.75
1785156777.4061685,15,19.046875,1714.5
1785156777.4061685,15,20.640625,1726.75
1785156777.4061685,15,47.28125,107.25
1785156777.4061685,15,49.5,105.0
1785156777.4061685,15,50.6875,102.25
1785156777.4061685,15,174.59375,1491.0
1785156777.4061685,15,176.203125,1469.25
1785156777.4061685,15,177.90625,1457.0
1785156777.4061685,15,179.484375,1459.75
1785156777.4061685,15,181.125,1464.25
1785156777.4061685,8,182.796875,1483.25
1785156777.4061685,15,218.203125,3185.75
1785156777.4061685,15,223.140625,2900.0
1785156777.4061685,15,226.46875,2729.25
1785156777.4061685,15,228.078125,2666.0
1785156777.4061685,15,229.71875,2593.5
1785156777.4061685,15,231.375,2534.75
1785156777.4061685,10,233.0,2484.75
1785156777.4061685,15,234.65625,2442.0
1785156777.4061685,5,236.265625,2404.75
1785156777.4061685,10,237.96875,2355.0
1785156777.4061685,15,239.59375,2312.25
1785156777.4061685,15,241.25,2280.25
1785156777.4061685,14,242.859375,2261.25
1785156777.4061685,15,259.359375,2054.75
1785156777.4061685,14,260.96875,2037.0
1785156777.4061685,15,262.625,2020.5
1785156777.4061685,15,264.25,2020.5
1785156777.4061685,15,265.90625,2015.25
1785156777.4061685,15,267.546875,2005.75
1785156777.4061685,15,269.15625,2020.0
1785156777.4061685,15,270.796875,2024.75
1785156777.4061685,15,272.484375,2023.5
1785156777.4061685,15,274.078125,2024.5
1785156777.4061685,15,275.671875,2029.5
1785156777.4061685,15,277.296875,2030.75
1785156777.4061685,15,278.9375,2034.0
1785156777.4061685,15,280.5625,2042.0
1785156777.4061685,12,282.203125,2046.25
1785156777.4061685,15,285.484375,2032.75
1785156777.4061685,13,298.453125,2259.5
1785156777.4061685,15,300.140625,2280.0
1785156777.4061685,15,301.828125,2279.0
1785156777.4061685,11,303.4375,2298.25
1785156777.4061685,8,305.0625,2353.5
1785156777.4061685,13,311.75,1853.5
1785156777.4061685,15,313.390625,1868.0
1785156777.4061685,15,315.078125,1871.0
1785156777.4061685,15,316.671875,1872.75
1785156777.4061685,15,318.34375,1877.25
1785156777.4061685,15,319.953125,1889.0
1785156777.4061685,15,349.015625,6848.0
1785156777.5209417,15,350.640625,6798.25
1785156777.5209417,15,352.296875,6775.5
1785156777.5209417,15,353.953125,6745.0
1785156777.5209417,15,355.59375,6727.5
1785156777.5209417,15,357.234375,6711.75
1785156777.5209417,15,358.875,6739.0
1785156777.5209417,15,0.53125,6733.75
1785156777.5209417,15,2.15625,6705.5
1785156777.5209417,15,3.796875,6731.25
1785156777.5209417,15,5.4375,6732.5
1785156777.5209417,15,7.078125,6724.75
1785156777.5209417,15,8.71875,6736.5
1785156777.5209417,15,12.671875,1522.75
1785156777.5209417,15,19.09375,1713.75
1785156777.5209417,11,20.671875,1732.5
1785156777.5209417,15,46.84375,107.25
1785156777.5209417,15,47.8125,105.25
1785156777.5209417,7,159.0,11854.75
1785156777.5209417,15,174.640625,1491.5
1785156777.5209417,15,176.296875,1467.5
1785156777.5209417,15,177.921875,1461.75
1785156777.5209417,15,179.5625,1464.75
1785156777.5209417,15,181.125,1464.0
1785156777.5209417,13,224.8125,2724.5
1785156777.5209417,15,226.4375,2654.75
1785156777.5209417,13,228.09375,2588.5
1785156777.5209417,15,229.71875,2527.75
1785156777.5209417,7,231.34375,2475.75
1785156777.5209417,15,233.0,2431.25
1785156777.5209417,15,236.328125,2315.25
1785156777.5209417,15,237.9375,2276.5
1785156777.5209417,12,239.578125,2252.5
1785156777.5209417,15,251.109375,2045.0
1785156777.5209417,15,252.71875,2039.5
1785156777.5209417,15,254.34375,2031.75
1785156777.5209417,15,255.96875,2018.0
1785156777.5209417,15,257.625,2004.5
1785156777.5209417,15,259.234375,1986.75
1785156777.5209417,15,260.875,1972.25
1785156777.5209417,13,262.515625,1968.25
1785156777.5209417,15,264.1875,1967.75
1785156777.5209417,9,265.796875,1947.25
1785156777.5209417,15,267.453125,1937.0
1785156777.5209417,15,269.046875,1951.75
1785156777.5209417,15,270.734375,1956.5
1785156777.5209417,15,272.328125,1958.25
1785156777.5209417,15,273.96875,1959.75
1785156777.5209417,15,275.515625,1963.25
1785156777.5209417,15,277.15625,1970.0
1785156777.5209417,15,278.8125,1975.0
1785156777.5209417,15,280.4375,1982.75
1785156777.5209417,15,282.03125,2000.5
1785156777.5209417,15,283.671875,2021.25
1785156777.5209417,15,285.296875,2034.75
1785156777.5209417,15,286.9375,2057.5
1785156777.5209417,11,288.546875,2076.75
1785156777.5209417,15,298.265625,2263.0
1785156777.5209417,15,299.984375,2291.5
1785156777.5209417,15,301.640625,2309.75
1785156777.5209417,7,303.28125,2340.75
1785156777.5209417,15,304.890625,2400.5
1785156777.5209417,15,313.265625,1898.25
1785156777.5209417,15,314.90625,1887.0
1785156777.5209417,15,316.5,1887.0
1785156777.5209417,15,318.171875,1888.0
1785156777.5209417,15,319.796875,1898.75
1785156777.5209417,15,321.421875,1927.0
1785156777.5209417,11,339.0625,5124.25
1785156777.5209417,15,347.15625,6866.75
1785156777.5209417,15,348.78125,6833.0
1785156777.7467015,15,350.40625,6784.25
1785156777.7467015,15,352.046875,6751.75
1785156777.7467015,15,353.703125,6754.5
1785156777.7467015,15,355.34375,6726.5
1785156777.7467015,15,356.96875,6718.75
1785156777.7467015,15,358.609375,6706.5
1785156777.7467015,15,0.25,6721.5
1785156777.7467015,15,1.875,6731.0
1785156777.7467015,15,3.515625,6705.75
1785156777.7467015,15,5.15625,6717.75
1785156777.7467015,15,6.796875,6736.75
1785156777.7467015,15,8.421875,6755.25
1785156777.7467015,15,12.40625,1521.75
1785156777.7467015,15,18.859375,1714.75
1785156777.7467015,15,20.40625,1723.5
1785156777.7467015,15,45.609375,107.0
1785156777.7467015,15,48.765625,105.25
1785156777.7467015,15,175.953125,1478.0
1785156777.7467015,15,177.546875,1465.5
1785156777.7467015,15,179.15625,1463.5
1785156777.7467015,15,180.8125,1463.0
1785156777.7467015,15,182.4375,1463.25
1785156777.7467015,15,184.078125,1475.75
1785156777.7467015,15,217.875,3216.75
1785156777.7467015,15,221.1875,3024.25
1785156777.7467015,15,226.140625,2743.5
1785156777.7467015,10,227.828125,2686.75
1785156777.7467015,15,229.46875,2623.75
1785156777.7467015,9,231.109375,2567.0
1785156777.7467015,15,232.734375,2519.0
1785156777.7467015,7,234.390625,2469.75
1785156777.7467015,15,236.0625,2435.5
1785156777.7467015,15,237.6875,2405.25
1785156777.7467015,9,239.34375,2357.25
1785156777.7467015,15,241.0,2313.25
1785156777.7467015,15,242.59375,2285.75
1785156777.7467015,12,244.28125,2265.0
1785156777.7467015,8,245.90625,2245.0
1785156777.7467015,15,265.578125,2038.75
1785156777.7467015,15,267.21875,2035.0
1785156777.7467015,15,268.875,2036.25
1785156777.7467015,15,270.484375,2036.75
1785156777.7467015,13,272.140625,2037.25
1785156777.7467015,12,273.796875,2043.0
1785156777.7467015,13,275.3125,2048.0
1785156777.7467015,15,278.5625,2062.25
1785156777.7467015,15,293.25,2241.0
1785156777.7467015,13,294.859375,2247.0
1785156777.7467015,15,296.453125,2284.25
1785156777.7467015,5,298.0625,2318.75
1785156777.7467015,6,299.828125,2358.0
1785156777.7467015,10,301.4375,2374.0
1785156777.7467015,14,303.09375,2397.75
1785156777.7467015,15,304.71875,2437.0
1785156777.7467015,14,306.3125,2481.25
1785156777.7467015,15,313.09375,1920.25
1785156777.7467015,15,314.703125,1909.75
1785156777.7467015,15,316.34375,1908.0
1785156777.7467015,15,318.0,1912.75
1785156777.7467015,15,319.625,1918.0
1785156777.7467015,15,321.234375,1933.75
1785156777.7467015,15,346.96875,6945.75
1785156777.7467015,15,348.625,6895.75
1785156777.7467015,15,350.25,6843.75
1785156777.7467015,15,351.890625,6783.0
1785156777.7467015,15,353.53125,6709.25
1785156777.7467015,15,355.171875,6707.0
1785156777.7467015,15,356.796875,6723.75
1785156777.7467015,15,358.453125,6712.25
1785156777.7467015,15,0.078125,6747.25
1785156777.7467015,15,1.734375,6767.25
1785156777.7467015,15,3.359375,6755.75
1785156777.7467015,15,5.0,6687.5
1785156777.7467015,15,6.640625,6648.75
1785156777.7467015,15,8.28125,6718.0
1785156777.7467015,15,12.25,1523.75
1785156777.7467015,15,18.6875,1712.5
1785156777.7467015,15,20.296875,1717.5
1785156777.7467015,15,45.75,108.0
1785156777.7467015,15,47.953125,105.5
1785156777.7467015,15,50.953125,103.25
1785156777.7467015,15,177.4375,1468.25
1785156777.7467015,15,179.078125,1463.0
1785156777.7467015,15,180.71875,1462.0
1785156777.7467015,15,182.390625,1451.25
1785156777.7467015,15,184.046875,1453.25
1785156777.7467015,15,185.59375,1472.5
1785156777.7467015,10,224.4375,2795.5
1785156777.7467015,15,227.75,2636.75
1785156777.7467015,9,229.40625,2585.75
1785156777.7467015,15,231.0625,2532.0
1785156777.7467015,10,232.71875,2477.0
1785156777.7467015,15,234.34375,2444.25
1785156777.7467015,9,237.640625,2342.0
1785156777.7467015,15,239.296875,2301.25
1785156777.7467015,14,240.9375,2264.0
1785156777.7467015,14,255.734375,2053.25
1785156777.7467015,15,257.34375,2039.75
1785156777.7467015,15,258.96875,2033.0
1785156777.7467015,15,260.625,2023.0
1785156777.7467015,15,262.25,2016.5
1785156777.7467015,15,263.875,1999.25
1785156777.7467015,15,265.515625,1984.75
1785156777.7467015,15,267.171875,1975.0
1785156777.7467015,15,268.828125,1975.5
1785156777.7467015,15,270.453125,1987.5
1785156777.7467015,15,272.046875,1986.25
1785156777.7467015,15,273.703125,1988.25
1785156777.7467015,15,275.25,1999.75
1785156777.7467015,15,276.890625,2011.0
1785156777.7467015,15,278.5,2023.75
1785156777.7467015,15,280.171875,2034.0
1785156777.7467015,15,281.78125,2037.5
1785156777.7467015,9,283.421875,2045.75
1785156777.7467015,14,286.625,2064.25
1785156777.7467015,15,296.359375,2238.0
1785156777.7467015,15,298.0,2281.75
1785156777.7467015,15,299.765625,2311.5
1785156777.7467015,8,301.375,2347.25
1785156777.7467015,3,303.015625,2350.25
1785156777.7467015,7,306.28125,2453.0
1785156777.7467015,15,309.78125,1819.25
1785156777.7467015,15,313.0,1934.25
1785156777.7467015,15,314.625,1929.75
1785156777.7467015,15,316.296875,1929.25
1785156777.7467015,15,317.890625,1931.5
1785156777.7467015,15,319.546875,1933.75
1785156777.7467015,15,321.140625,1948.0
1785156777.7467015,15,346.78125,6979.0
1785156777.7467015,15,348.421875,6920.0
1785156777.7467015,15,350.0625,6873.75
1785156777.857846,15,351.703125,6806.5
1785156777.857846,15,353.328125,6781.75
1785156777.857846,15,354.953125,6767.25
1785156777.857846,15,356.59375,6723.5
1785156777.857846,15,358.234375,6754.25
1785156777.857846,15,359.875,6783.5
1785156777.857846,15,1.5,6746.25
1785156777.857846,15,3.125,6747.75
1785156777.857846,15,4.765625,6768.0
1785156777.857846,15,6.40625,6743.75
1785156777.857846,15,8.046875,6752.5
1785156777.857846,15,12.03125,1520.5
1785156777.857846,15,18.453125,1708.0
1785156777.857846,15,20.078125,1707.5
1785156777.857846,15,45.796875,108.25
1785156777.857846,15,47.71875,105.75
1785156777.857846,15,178.8125,1463.75
1785156777.857846,15,180.5,1458.25
1785156777.857846,13,182.15625,1452.0
1785156777.857846,15,183.796875,1451.75
1785156777.857846,15,185.421875,1452.75
1785156777.857846,15,187.015625,1462.75
1785156777.857846,15,217.609375,3164.75
1785156777.857846,9,220.90625,2980.25
1785156777.857846,12,224.203125,2783.0
1785156777.857846,11,227.453125,2653.5
1785156777.857846,15,230.75,2531.0
1785156777.857846,11,232.390625,2475.25
1785156777.857846,12,234.03125,2445.5
1785156777.857846,15,235.671875,2415.75
1785156777.857846,7,237.296875,2362.25
1785156777.857846,15,238.953125,2314.5
1785156777.857846,15,240.625,2282.0
1785156777.857846,15,242.25,2259.75
1785156777.857846,10,243.875,2253.25
1785156777.857846,7,245.53125,2240.25
1785156777.857846,15,268.453125,2032.25
1785156777.857846,15,270.0625,2036.25
1785156777.857846,15,271.71875,2046.0
1785156777.857846,12,273.34375,2042.0
1785156777.857846,10,274.953125,2046.0
1785156777.857846,13,276.578125,2057.0
1785156777.857846,10,278.25,2058.5
1785156777.857846,8,279.859375,2070.75
1785156777.857846,15,292.859375,2251.25
1785156777.857846,15,294.515625,2257.25
1785156777.857846,15,296.09375,2284.25
1785156777.857846,8,297.734375,2330.75
1785156777.857846,15,299.484375,2372.75
1785156777.857846,15,301.125,2416.0
1785156777.857846,5,302.78125,2415.0
1785156777.857846,10,306.046875,2513.75
1785156777.857846,15,309.53125,1804.25
1785156777.857846,15,312.765625,1962.75
1785156777.857846,15,314.40625,1965.0
1785156777.857846,15,316.078125,1949.75
1785156777.857846,15,317.71875,1951.25
1785156777.857846,15,319.34375,1952.5
1785156777.857846,15,320.96875,1962.75
1785156777.857846,11,338.53125,5111.75
1785156777.857846,15,346.625,6919.75
1785156777.857846,15,348.25,6948.0
1785156777.857846,15,349.890625,6881.75
1785156777.9724956,15,351.53125,6863.75
1785156777.9724956,15,353.1875,6784.25
1785156777.9724956,15,354.796875,6751.0
1785156777.9724956,15,356.453125,6749.25
1785156777.9724956,15,358.078125,6720.75
1785156777.9724956,15,359.703125,6708.75
1785156777.9724956,15,1.34375,6689.0
1785156777.9724956,15,3.0,6711.75
1785156777.9724956,15,4.625,6731.75
1785156777.9724956,15,6.25,6732.25
1785156777.9724956,15,7.90625,6745.75
1785156777.9724956,15,11.875,1517.25
1785156777.9724956,15,18.328125,1706.5
1785156777.9724956,15,19.96875,1701.25
1785156777.9724956,15,47.15625,106.0
1785156777.9724956,9,159.71875,11944.0
1785156777.9724956,7,161.359375,11885.0
1785156777.9724956,15,180.25,1471.0
1785156777.9724956,15,181.875,1458.0
1785156777.9724956,15,183.5,1450.0
1785156777.9724956,15,185.125,1456.5
1785156777.9724956,15,186.796875,1457.75
1785156777.9724956,15,188.40625,1462.25
1785156777.9724956,15,190.078125,1481.75
1785156777.9724956,15,217.3125,3192.25
1785156777.9724956,15,220.578125,3004.5
1785156777.9724956,10,225.53125,2728.5
1785156777.9724956,13,227.15625,2669.75
1785156777.9724956,9,228.84375,2601.75
1785156777.9724956,10,230.46875,2548.25
1785156777.9724956,8,232.125,2508.25
1785156777.9724956,11,233.734375,2461.5
1785156777.9724956,15,235.375,2429.0
1785156777.9724956,8,237.03125,2384.5
1785156777.9724956,15,238.671875,2334.0
1785156777.9724956,15,240.34375,2297.75
1785156777.9724956,15,241.9375,2268.0
1785156777.9724956,14,243.59375,2253.5
1785156777.9724956,12,261.65625,2044.5
1785156777.9724956,15,263.28125,2042.5
1785156777.9724956,15,264.90625,2027.0
1785156777.9724956,15,266.53125,2020.5
1785156777.9724956,15,268.171875,2028.75
1785156777.9724956,15,269.796875,2032.0
1785156777.9724956,15,271.421875,2030.5
1785156777.9724956,15,273.109375,2033.5
1785156777.9724956,15,274.703125,2043.0
1785156777.9724956,15,276.34375,2036.75
1785156777.9724956,15,277.953125,2030.25
1785156777.9724956,10,279.578125,2050.25
1785156777.9724956,8,281.234375,2072.5
1785156777.9724956,15,294.21875,2251.25
1785156777.9724956,15,295.84375,2258.5
1785156777.9724956,15,299.171875,2359.5
1785156777.9724956,15,300.796875,2407.5
1785156777.9724956,10,302.40625,2435.25
1785156777.9724956,8,304.046875,2447.0
1785156777.9724956,15,305.671875,2479.75
1785156777.9724956,15,307.3125,2540.25
1785156777.9724956,15,314.046875,1978.75
1785156777.9724956,15,315.65625,1965.25
1785156777.9724956,15,317.328125,1967.75
1785156777.9724956,15,318.9375,1967.75
1785156777.9724956,15,320.578125,1973.75
1785156777.9724956,15,322.21875,1998.0
1785156777.9724956,15,346.296875,7040.5
1785156777.9724956,15,347.953125,7012.5
1785156777.9724956,15,349.59375,6968.75
1785156778.083627,15,351.234375,6878.75
1785156778.083627,15,352.859375,6802.5
1785156778.083627,15,354.53125,6741.25
1785156778.083627,15,356.15625,6721.75
1785156778.083627,15,357.8125,6727.25
1785156778.083627,15,359.421875,6756.5
1785156778.083627,15,1.078125,6754.5
1785156778.083627,15,2.71875,6739.75
1785156778.083627,15,4.34375,6772.25
1785156778.083627,15,7.625,6789.25
1785156778.083627,15,11.578125,1518.75
1785156778.083627,15,19.6875,1695.0
1785156778.083627,15,22.296875,7227.5
1785156778.083627,15,23.921875,7302.0
1785156778.083627,13,25.5625,7429.0
1785156778.083627,15,46.625,106.5
1785156778.083627,14,51.078125,101.0
1785156778.083627,15,181.59375,1467.0
1785156778.083627,15,183.234375,1457.0
1785156778.083627,15,184.921875,1441.75
1785156778.083627,15,186.484375,1447.5
1785156778.083627,15,188.171875,1457.5
1785156778.083627,15,189.828125,1458.75
1785156778.083627,15,191.421875,1480.75
1785156778.083627,15,192.984375,1520.75
1785156778.083627,15,215.34375,3199.75
1785156778.083627,15,218.65625,3015.5
1785156778.083627,15,223.59375,2736.5
1785156778.083627,13,225.234375,2681.0
1785156778.083627,15,226.859375,2609.0
1785156778.083627,15,228.53125,2552.0
1785156778.083627,10,230.15625,2503.25
1785156778.083627,9,231.796875,2457.75
1785156778.083627,15,233.421875,2422.0
1785156778.083627,9,235.09375,2378.5
1785156778.083627,14,236.703125,2337.0
1785156778.083627,15,238.359375,2298.5
1785156778.083627,15,239.96875,2267.25
1785156778.083627,9,241.625,2247.0
1785156778.083627,14,254.765625,2064.5
1785156778.083627,13,256.4375,2053.0
1785156778.083627,15,258.046875,2039.25
1785156778.083627,14,259.6875,2035.75
1785156778.083627,15,261.3125,2043.75
1785156778.083627,15,262.9375,2039.25
1785156778.083627,15,264.625,2029.25
1785156778.083627,14,266.234375,2013.75
1785156778.083627,15,267.875,2010.25
1785156778.083627,15,269.546875,2001.25
1785156778.083627,15,271.171875,2005.0
1785156778.083627,15,272.765625,2025.75
1785156778.083627,15,274.40625,2033.25
1785156778.083627,15,275.984375,2040.5
1785156778.083627,14,277.625,2049.0
1785156778.083627,10,279.265625,2058.5
1785156778.083627,15,292.28125,2258.5
1785156778.083627,15,293.859375,2287.25
1785156778.083627,15,295.515625,2302.5
1785156778.083627,15,298.796875,2402.5
1785156778.083627,9,300.453125,2435.25
1785156778.083627,7,302.0625,2463.0
1785156778.083627,15,303.703125,2502.0
1785156778.083627,14,305.3125,2543.5
1785156778.083627,10,306.953125,2589.25
1785156778.083627,15,310.421875,1867.5
1785156778.083627,15,313.6875,2022.25
1785156778.083627,15,315.3125,2016.25
1785156778.083627,15,316.921875,1988.0
1785156778.083627,15,318.609375,1986.0
1785156778.083627,15,320.234375,1988.5
1785156778.083627,15,321.84375,2004.5
1785156778.083627,15,345.953125,7118.5
1785156778.083627,15,347.625,7029.75
1785156778.083627,15,349.265625,6944.25
1785156778.1963582,15,350.90625,6908.25
1785156778.1963582,15,352.53125,6848.0
1785156778.1963582,15,354.1875,6771.25
1785156778.1963582,15,355.828125,6711.5
1785156778.1963582,15,357.46875,6682.25
1785156778.1963582,15,359.109375,6713.25
1785156778.1963582,15,0.75,6759.75
1785156778.1963582,15,2.390625,6762.25
1785156778.1963582,15,4.015625,6737.5
1785156778.1963582,15,5.6875,6709.5
1785156778.1963582,15,7.296875,6734.25
1785156778.1963582,15,11.265625,1515.5
1785156778.1963582,15,19.359375,1693.25
1785156778.1963582,15,47.53125,106.75
1785156778.1963582,15,50.390625,101.75
1785156778.1963582,15,182.8125,1457.5
1785156778.1963582,15,184.5,1456.75
1785156778.1963582,15,186.078125,1450.0
1785156778.1963582,15,187.765625,1441.0
1785156778.1963582,15,189.390625,1448.25
1785156778.1963582,15,191.03125,1459.75
1785156778.1963582,15,192.625,1477.0
1785156778.1963582,15,194.265625,1514.75
1785156778.1963582,15,216.59375,3226.75
1785156778.1963582,15,219.84375,3019.75
1785156778.1963582,8,221.5,2934.0
1785156778.1963582,15,224.828125,2760.5
1785156778.1963582,10,226.4375,2692.5
1785156778.1963582,15,228.140625,2624.75
1785156778.1963582,11,229.75,2564.5
1785156778.1963582,15,231.421875,2513.0
1785156778.1963582,12,233.03125,2467.0
1785156778.1963582,15,234.703125,2436.0
1785156778.1963582,8,236.359375,2397.5
1785156778.1963582,9,237.984375,2351.5
1785156778.1963582,15,239.609375,2313.0
1785156778.1963582,15,241.265625,2278.75
1785156778.1963582,13,242.921875,2259.25
1785156778.1963582,7,244.53125,2240.75
1785156778.1963582,9,256.109375,2067.0
1785156778.1963582,15,257.71875,2061.5
1785156778.1963582,15,259.375,2046.5
1785156778.1963582,15,261.015625,2036.75
1785156778.1963582,15,262.65625,2035.0
1785156778.1963582,15,264.25,2030.0
1785156778.1963582,15,265.921875,2024.5
1785156778.1963582,15,267.53125,2024.25
1785156778.1963582,15,269.171875,2019.25
1785156778.1963582,15,270.828125,2018.25
1785156778.1963582,15,272.46875,2022.5
1785156778.1963582,15,274.09375,2025.0
1785156778.1963582,15,275.703125,2030.25
1785156778.1963582,15,277.3125,2032.0
1785156778.1963582,9,278.96875,2035.5
1785156778.1963582,12,280.578125,2052.5
1785156778.1963582,15,295.1875,2265.25
1785156778.1963582,15,296.8125,2273.25
1785156778.1963582,5,298.4375,2311.0
1785156778.1963582,15,300.15625,2370.25
1785156778.1963582,15,301.796875,2411.75
1785156778.1963582,11,303.4375,2437.0
1785156778.1963582,7,305.03125,2462.25
1785156778.1963582,11,306.6875,2506.75
1785156778.1963582,15,308.28125,2558.0
1785156778.1963582,15,315.015625,2021.0
1785156778.1963582,15,316.65625,2002.25
1785156778.1963582,15,318.296875,2000.0
1785156778.1963582,15,319.9375,2000.75
1785156778.1963582,15,321.609375,2013.25
1785156778.1963582,15,347.359375,7096.75
1785156778.1963582,15,349.0,7018.75
1785156778.3099997,15,350.625,6965.25
1785156778.3099997,15,352.28125,6887.75
1785156778.3099997,15,353.90625,6837.5
1785156778.3099997,15,355.546875,6815.75
1785156778.3099997,15,357.203125,6785.5
1785156778.3099997,15,358.84375,6780.25
1785156778.3099997,15,0.484375,6781.75
1785156778.3099997,15,2.125,6748.75
1785156778.3099997,15,3.765625,6728.75
1785156778.3099997,15,5.40625,6726.75
1785156778.3099997,15,7.046875,6679.25
1785156778.3099997,15,11.0,1515.5
1785156778.3099997,15,12.5625,1537.5
1785156778.3099997,15,19.0625,1689.75
1785156778.3099997,15,24.953125,7326.25
1785156778.3099997,15,46.53125,107.25
1785156778.3099997,15,48.359375,105.0
1785156778.3099997,15,51.34375,102.25
1785156778.3099997,15,185.984375,1450.5
1785156778.3099997,15,187.640625,1441.5
1785156778.3099997,15,189.265625,1435.5
1785156778.3099997,15,190.921875,1449.0
1785156778.3099997,15,192.53125,1460.5
1785156778.3099997,15,194.1875,1476.25
1785156778.3099997,15,195.75,1517.5
1785156778.3099997,15,218.15625,3043.0
1785156778.3099997,15,221.4375,2867.5
1785156778.3099997,13,223.09375,2792.0
1785156778.3099997,15,224.734375,2723.75
1785156778.3099997,7,228.09375,2566.75
1785156778.3099997,15,229.75,2525.25
1785156778.3099997,12,231.390625,2479.5
1785156778.3099997,15,233.03125,2438.0
1785156778.3099997,9,234.6875,2396.25
1785156778.3099997,10,236.3125,2352.5
1785156778.3099997,15,237.96875,2322.0
1785156778.3099997,15,239.625,2286.0
1785156778.3099997,9,241.25,2256.0
1785156778.3099997,14,254.4375,2058.5
1785156778.3099997,14,256.0625,2045.5
1785156778.3099997,15,257.703125,2041.5
1785156778.3099997,15,259.34375,2036.5
1785156778.3099997,15,261.0,2035.25
1785156778.3099997,15,262.640625,2034.25
1785156778.3099997,15,264.265625,2030.25
1785156778.3099997,15,265.921875,2026.25
1785156778.3099997,15,267.546875,2024.5
1785156778.3099997,15,269.15625,2020.0
1785156778.3099997,15,270.8125,2006.5
1785156778.3099997,15,272.4375,2010.75
1785156778.3099997,15,274.09375,2036.25
1785156778.3099997,9,275.671875,2053.0
1785156778.3099997,15,291.90625,2246.0
1785156778.3099997,15,293.546875,2272.75
1785156778.3099997,6,295.140625,2323.5
1785156778.3099997,8,296.8125,2331.5
1785156778.3099997,10,300.125,2437.5
1785156778.3099997,15,301.78125,2462.75
1785156778.3099997,15,303.40625,2484.75
1785156778.3099997,8,305.015625,2522.75
1785156778.3099997,13,306.65625,2560.75
1785156778.3099997,15,313.390625,2008.0
1785156778.3099997,15,315.015625,2021.75
1785156778.3099997,15,316.65625,2004.25
1785156778.3099997,15,318.296875,2002.5
1785156778.3099997,15,319.953125,2010.0
1785156778.3099997,15,321.609375,2022.25
1785156778.3099997,15,345.8125,7065.75
1785156778.3099997,15,347.375,7096.5
1785156778.3099997,15,349.03125,7021.0
1785156778.4215274,15,350.671875,6963.0
1785156778.4215274,15,352.296875,6892.5
1785156778.4215274,15,353.953125,6845.0
1785156778.4215274,15,355.59375,6815.0
1785156778.4215274,15,357.21875,6775.25
1785156778.4215274,15,358.859375,6768.25
1785156778.4215274,15,0.515625,6763.25
1785156778.4215274,15,2.140625,6738.5
1785156778.4215274,15,3.8125,6726.75
1785156778.4215274,15,5.421875,6726.5
1785156778.4215274,15,11.046875,1516.0
1785156778.4215274,15,19.09375,1689.75
1785156778.4215274,15,24.96875,7319.0
1785156778.4215274,15,46.5,107.0
1785156778.4215274,15,48.4375,105.0
1785156778.4215274,15,50.140625,102.25
1785156778.4215274,14,186.0625,1450.75
1785156778.4215274,15,187.75,1441.0
1785156778.4215274,15,189.34375,1440.5
1785156778.4215274,15,190.921875,1451.5
1785156778.4215274,15,192.578125,1456.75
1785156778.4215274,15,194.21875,1463.25
1785156778.4215274,15,195.8125,1485.25
1785156778.4215274,15,216.625,3050.75
1785156778.4215274,15,219.90625,2880.25
1785156778.4215274,11,223.203125,2722.25
1785156778.4215274,15,224.84375,2652.25
1785156778.4215274,15,228.1875,2511.0
1785156778.4215274,11,229.828125,2461.75
1785156778.4215274,15,231.46875,2425.75
1785156778.4215274,11,233.15625,2377.25
1785156778.4215274,9,234.765625,2333.25
1785156778.4215274,15,236.4375,2306.0
1785156778.4215274,15,238.09375,2274.25
1785156778.4215274,13,239.71875,2248.25
1785156778.4215274,15,252.859375,2049.0
1785156778.4215274,15,254.46875,2042.5
1785156778.4215274,15,256.109375,2043.0
1785156778.4215274,15,257.765625,2037.75
1785156778.4215274,15,259.359375,2033.75
1785156778.4215274,15,260.96875,2033.0
1785156778.4215274,15,262.625,2032.0
1785156778.4215274,15,264.296875,2028.5
1785156778.4215274,15,265.90625,2024.0
1785156778.4215274,15,267.53125,2004.0
1785156778.4215274,15,269.171875,1999.75
1785156778.4215274,15,270.8125,2005.5
1785156778.4215274,15,272.46875,2010.75
1785156778.4215274,15,274.0625,2024.75
1785156778.4215274,15,275.6875,2028.5
1785156778.4215274,15,277.296875,2032.75
1785156778.4215274,15,278.9375,2037.0
1785156778.4215274,11,280.5625,2052.75
1785156778.4215274,15,295.171875,2283.25
1785156778.4215274,15,296.796875,2318.25
1785156778.4215274,15,300.203125,2417.5
1785156778.4215274,9,301.8125,2446.5
1785156778.4215274,15,303.46875,2481.0
1785156778.4215274,6,305.09375,2520.0
1785156778.4215274,15,306.703125,2570.25
1785156778.4215274,13,308.34375,2632.5
1785156778.4215274,15,315.109375,2052.5
1785156778.4215274,15,316.734375,2039.25
1785156778.4215274,15,318.359375,2028.75
1785156778.4215274,15,320.015625,2024.0
1785156778.4215274,15,321.625,2031.75
1785156778.4215274,15,323.296875,2068.25
1785156778.4215274,15,347.421875,7128.75
1785156778.4215274,15,349.0625,7056.0
1785156778.5331903,15,350.703125,6967.75
1785156778.5331903,15,352.359375,6893.5
1785156778.5331903,15,353.984375,6847.0
1785156778.5331903,15,355.640625,6819.25
1785156778.5331903,15,357.28125,6746.0
1785156778.5331903,15,358.9375,6701.75
1785156778.5331903,15,0.5625,6729.75
1785156778.5331903,15,2.203125,6739.5
1785156778.5331903,15,3.84375,6729.0
1785156778.5331903,15,5.5,6725.75
1785156778.5331903,15,7.125,6736.5
1785156778.5331903,15,11.078125,1515.0
1785156778.5331903,15,19.1875,1685.5
1785156778.5331903,15,46.40625,107.0
1785156778.5331903,15,49.40625,105.0
1785156778.5331903,15,50.578125,102.0
1785156778.5331903,15,186.265625,1451.25
1785156778.5331903,15,187.890625,1443.5
1785156778.5331903,15,189.5,1446.25
1785156778.5331903,15,191.1875,1446.75
1785156778.5331903,15,192.796875,1445.0
1785156778.5331903,15,194.4375,1450.25
1785156778.5331903,15,196.015625,1469.0
1785156778.5331903,15,197.65625,1494.5
1785156778.5331903,12,206.875,3914.0
1785156778.5331903,15,220.09375,2878.0
1785156778.5331903,10,221.734375,2798.75
1785156778.5331903,9,223.40625,2717.75
1785156778.5331903,15,225.03125,2659.75
1785156778.5331903,9,228.328125,2506.0
1785156778.5331903,9,229.953125,2456.5
1785156778.5331903,15,231.59375,2423.25
1785156778.5331903,7,233.234375,2375.75
1785156778.5331903,15,234.859375,2332.75
1785156778.5331903,15,236.5,2311.25
1785156778.5331903,15,238.140625,2280.0
1785156778.5331903,12,239.8125,2252.25
1785156778.5331903,14,252.953125,2067.5
1785156778.5331903,15,254.59375,2050.5
1785156778.5331903,15,256.203125,2042.0
1785156778.5331903,15,257.859375,2036.0
1785156778.5331903,15,259.5,2026.25
1785156778.5331903,15,261.140625,2027.5
1785156778.5331903,15,262.71875,2029.25
1785156778.5331903,15,264.390625,2020.5
1785156778.5331903,15,266.03125,2019.25
1785156778.5331903,15,267.671875,2020.75
1785156778.5331903,15,269.28125,2021.0
1785156778.5331903,15,270.921875,2017.5
1785156778.5331903,15,272.5625,2017.75
1785156778.5331903,15,274.171875,2022.0
1785156778.5331903,15,275.828125,2026.75
1785156778.5331903,15,277.46875,2032.5
1785156778.5331903,15,279.046875,2037.25
1785156778.5331903,14,280.703125,2046.25
1785156778.5331903,15,293.71875,2253.0
1785156778.5331903,15,295.328125,2286.75
1785156778.5331903,8,296.9375,2334.0
1785156778.5331903,9,298.6875,2346.0
1785156778.5331903,15,300.3125,2377.25
1785156778.5331903,9,301.953125,2436.25
1785156778.5331903,15,303.5625,2493.0
1785156778.5331903,15,305.25,2510.25
1785156778.5331903,15,308.484375,2644.0
1785156778.5331903,15,315.21875,2062.25
1785156778.5331903,15,316.875,2049.0
1785156778.5331903,15,318.46875,2045.0
1785156778.5331903,15,320.125,2043.75
1785156778.5331903,15,321.78125,2051.0
1785156778.5331903,15,323.375,2087.25
1785156778.5331903,15,347.484375,7136.5
1785156778.5331903,15,349.140625,7065.25
1785156778.6468818,15,350.765625,6994.25
1785156778.6468818,15,352.40625,6941.25
1785156778.6468818,15,354.046875,6846.75
1785156778.6468818,15,355.6875,6792.25
1785156778.6468818,15,357.328125,6780.75
1785156778.6468818,15,358.96875,6737.5
1785156778.6468818,15,0.609375,6725.75
1785156778.6468818,15,2.25,6775.0
1785156778.6468818,15,3.875,6764.25
1785156778.6468818,15,5.515625,6757.25
1785156778.6468818,15,7.15625,6783.25
1785156778.6468818,15,11.203125,1519.0
1785156778.6468818,15,17.625,1697.25
1785156778.6468818,15,19.21875,1685.5
1785156778.6468818,15,25.140625,7241.0
1785156778.6468818,15,47.1875,106.75
1785156778.6468818,15,49.859375,105.0
1785156778.6468818,15,187.96875,1451.5
1785156778.6468818,15,189.578125,1451.5
1785156778.6468818,15,191.21875,1440.0
1785156778.6468818,15,192.90625,1435.25
1785156778.6468818,13,194.484375,1450.5
1785156778.6468818,15,196.125,1463.5
1785156778.6468818,15,197.75,1478.75
1785156778.6468818,15,199.359375,1503.0
1785156778.6468818,15,215.25,3207.0
1785156778.6468818,9,218.5625,2979.5
1785156778.6468818,7,220.21875,2911.25
1785156778.6468818,15,223.5,2754.75
1785156778.6468818,11,225.1875,2683.75
1785156778.6468818,9,226.765625,2609.25
1785156778.6468818,15,228.40625,2550.75
1785156778.6468818,12,230.046875,2499.75
1785156778.6468818,15,231.703125,2453.75
1785156778.6468818,7,233.359375,2409.5
1785156778.6468818,8,234.984375,2356.5
1785156778.6468818,15,236.640625,2314.75
1785156778.6468818,15,238.296875,2278.0
1785156778.6468818,13,239.921875,2252.75
1785156778.6468818,10,251.390625,2065.75
1785156778.6468818,15,253.046875,2039.75
1785156778.6468818,15,254.65625,2027.5
1785156778.6468818,15,256.296875,2018.75
1785156778.6468818,15,257.9375,2007.75
1785156778.6468818,15,259.578125,1999.75
1785156778.6468818,15,261.234375,1992.0
1785156778.6468818,15,262.84375,1984.0
1785156778.6468818,15,264.46875,1976.75
1785156778.6468818,15,266.125,1972.0
1785156778.6468818,15,267.765625,1970.25
1785156778.6468818,15,269.40625,1969.75
1785156778.6468818,15,271.046875,1966.5
1785156778.6468818,15,272.671875,1958.0
1785156778.6468818,15,274.28125,1962.5
1785156778.6468818,15,275.90625,1973.0
1785156778.6468818,15,277.546875,1977.25
1785156778.6468818,15,279.1875,1987.0
1785156778.6468818,15,280.796875,1997.75
1785156778.6468818,15,282.4375,2008.75
1785156778.6468818,15,284.078125,2023.75
1785156778.6468818,13,285.671875,2048.75
1785156778.6468818,9,287.3125,2071.5
1785156778.6468818,15,297.046875,2261.25
1785156778.6468818,12,298.765625,2292.25
1785156778.6468818,11,300.421875,2336.25
1785156778.6468818,15,302.015625,2387.0
1785156778.6468818,6,303.6875,2433.5
1785156778.6468818,14,305.328125,2460.75
1785156778.6468818,9,306.921875,2506.5
1785156778.6468818,7,308.578125,2558.25
1785156778.6468818,15,315.265625,2065.25
1785156778.6468818,15,316.90625,2069.0
1785156778.6468818,15,318.53125,2062.0
1785156778.6468818,15,320.1875,2053.25
1785156778.6468818,15,321.84375,2061.0
1785156778.6468818,15,347.546875,7164.5
1785156778.6468818,15,349.1875,7131.25
1785156778.7597501,15,350.828125,7044.0
1785156778.7597501,15,352.453125,6944.75
1785156778.7597501,15,354.109375,6907.0
1785156778.7597501,15,355.75,6853.5
1785156778.7597501,15,357.390625,6784.0
1785156778.7597501,15,359.03125,6737.75
1785156778.7597501,15,0.671875,6722.75
1785156778.7597501,15,2.3125,6738.0
1785156778.7597501,15,3.9375,6736.0
1785156778.7597501,15,5.578125,6709.75
1785156778.7597501,15,9.578125,1522.75
1785156778.7597501,15,11.203125,1519.5
1785156778.7597501,15,17.640625,1691.25
1785156778.7597501,15,19.265625,1685.5
1785156778.7597501,15,23.546875,7115.5
1785156778.7597501,15,25.1875,7234.75
1785156778.7597501,15,47.609375,106.75
1785156778.7597501,15,49.53125,105.0
1785156778.7597501,15,50.265625,102.0
1785156778.7597501,15,189.609375,1460.75
1785156778.7597501,15,191.265625,1440.0
1785156778.7597501,15,192.859375,1434.75
1785156778.7597501,15,194.515625,1453.25
1785156778.7597501,10,196.15625,1456.25
1785156778.7597501,15,197.796875,1460.25
1785156778.7597501,15,215.265625,3208.5
1785156778.7597501,15,218.5625,3008.25
1785156778.7597501,11,220.203125,2926.0
1785156778.7597501,15,223.5,2757.25
1785156778.7597501,9,225.171875,2687.75
1785156778.7597501,15,226.78125,2625.75
1785156778.7597501,15,228.421875,2566.25
1785156778.7597501,9,230.09375,2501.5
1785156778.7597501,9,231.75,2455.25
1785156778.7597501,15,233.359375,2411.75
1785156778.7597501,8,235.0,2360.25
1785156778.7597501,15,236.671875,2327.5
1785156778.7597501,15,238.328125,2305.25
1785156778.7597501,15,239.9375,2274.0
1785156778.7597501,15,241.59375,2247.0
1785156778.7597501,14,254.75,2046.25
1785156778.7597501,15,256.375,2030.75
1785156778.7597501,15,258.015625,2031.0
1785156778.7597501,15,259.65625,2025.75
1785156778.7597501,15,261.25,2023.75
1785156778.7597501,15,262.921875,2028.5
1785156778.7597501,15,264.546875,2026.25
1785156778.7597501,15,266.171875,2013.5
1785156778.7597501,15,267.8125,2010.5
1785156778.7597501,15,269.46875,2001.75
1785156778.7597501,15,271.078125,1996.75
1785156778.7597501,15,272.734375,1998.25
1785156778.7597501,15,274.34375,2001.75
1785156778.7597501,15,275.96875,2015.75
1785156778.7597501,15,277.609375,2026.25
1785156778.7597501,15,279.25,2033.0
1785156778.7597501,15,280.875,2036.75
1785156778.7597501,12,282.46875,2045.0
1785156778.7597501,15,295.484375,2252.5
1785156778.7597501,15,297.125,2286.75
1785156778.7597501,8,298.78125,2329.75
1785156778.7597501,8,300.453125,2348.0
1785156778.7597501,7,302.046875,2387.5
1785156778.7597501,6,303.6875,2437.5
1785156778.7597501,15,305.296875,2487.5
1785156778.7597501,7,306.921875,2533.75
1785156778.7597501,15,308.578125,2578.25
1785156778.7597501,15,312.015625,1979.25
1785156778.7597501,15,315.25,2084.0
1785156778.7597501,15,316.890625,2072.25
1785156778.7597501,15,318.53125,2072.25
1785156778.7597501,15,320.1875,2075.25
1785156778.7597501,15,321.8125,2076.0
1785156778.7597501,13,323.484375,2099.5
1785156778.7597501,15,347.609375,7194.5
1785156778.7597501,15,349.234375,7132.0
1785156778.8737874,15,350.875,7090.25
1785156778.8737874,15,352.515625,7045.0
1785156778.8737874,15,354.171875,6960.5
1785156778.8737874,15,355.8125,6883.75
1785156778.8737874,15,357.46875,6859.25
1785156778.8737874,15,359.09375,6800.0
1785156778.8737874,15,0.734375,6759.5
1785156778.8737874,15,2.390625,6757.0
1785156778.8737874,15,4.015625,6770.0
1785156778.8737874,15,5.671875,6771.0
1785156778.8737874,15,9.65625,1518.5
1785156778.8737874,15,11.28125,1524.25
1785156778.8737874,15,17.734375,1683.0
1785156778.8737874,15,19.3125,1685.75
1785156778.8737874,15,47.15625,106.5
1785156778.8737874,15,48.90625,104.75
1785156778.8737874,15,51.890625,101.75
1785156778.8737874,15,191.296875,1445.25
1785156778.8737874,15,192.875,1435.25
1785156778.8737874,15,194.546875,1446.75
1785156778.8737874,15,196.1875,1449.75
1785156778.8737874,15,197.828125,1454.25
1785156778.8737874,9,199.421875,1465.5
1785156778.8737874,15,215.1875,3207.75
1785156778.8737874,15,218.515625,3003.0
1785156778.8737874,9,221.8125,2847.5
1785156778.8737874,15,223.421875,2775.5
1785156778.8737874,13,226.734375,2638.25
1785156778.8737874,15,229.984375,2513.5
1785156778.8737874,11,231.640625,2466.75
1785156778.8737874,15,233.28125,2414.25
1785156778.8737874,10,234.9375,2374.0
1785156778.8737874,8,236.5625,2340.0
1785156778.8737874,15,238.21875,2306.75
1785156778.8737874,15,239.828125,2271.75
1785156778.8737874,15,241.5,2253.0
1785156778.8737874,8,243.125,2243.0
1785156778.8737874,14,256.328125,2061.0
1785156778.8737874,15,257.96875,2042.0
1785156778.8737874,15,259.59375,2035.25
1785156778.8737874,15,261.234375,2038.75
1785156778.8737874,15,262.890625,2040.5
1785156778.8737874,15,264.5,2039.5
1785156778.8737874,15,266.15625,2034.75
1785156778.8737874,15,267.796875,2032.0
1785156778.8737874,14,269.40625,2033.75
1785156778.8737874,15,271.0625,2033.0
1785156778.8737874,15,272.703125,2030.25
1785156778.8737874,15,274.3125,2032.75
1785156778.8737874,15,275.953125,2043.75
1785156778.8737874,14,277.5625,2060.5
1785156778.8737874,9,279.21875,2073.75
1785156778.8737874,10,282.453125,2096.0
1785156778.8737874,15,295.453125,2290.5
1785156778.8737874,5,297.0625,2337.25
1785156778.8737874,5,298.78125,2374.0
1785156778.8737874,15,300.4375,2370.25
1785156778.8737874,15,303.703125,2468.25
1785156778.8737874,10,305.296875,2511.5
1785156778.8737874,8,306.921875,2545.0
1785156778.8737874,15,312.015625,1970.0
1785156778.8737874,15,315.25,2095.25
1785156778.8737874,15,316.90625,2100.5
1785156778.8737874,15,318.53125,2097.75
1785156778.8737874,15,320.1875,2086.75
1785156778.8737874,15,321.78125,2089.25
1785156778.8737874,13,323.453125,2112.75
1785156778.8737874,11,337.78125,5158.0
1785156778.8737874,15,347.578125,7265.75
1785156778.8737874,15,349.21875,7135.75
1785156778.9849522,15,350.859375,7090.25
1785156778.9849522,15,352.5,7006.25
1785156778.9849522,15,354.15625,6918.25
1785156778.9849522,15,355.78125,6851.0
1785156778.9849522,15,357.421875,6853.0
1785156778.9849522,15,359.0625,6821.75
1785156778.9849522,15,0.703125,6762.25
1785156778.9849522,15,2.34375,6763.25
1785156778.9849522,15,3.984375,6723.25
1785156778.9849522,15,5.640625,6713.5
1785156778.9849522,15,9.65625,1514.5
1785156778.9849522,15,11.203125,1527.25
1785156778.9849522,15,17.671875,1677.5
1785156778.9849522,15,19.3125,1685.75
1785156778.9849522,15,23.5625,7115.25
1785156778.9849522,15,25.21875,7165.75
1785156778.9849522,15,47.1875,106.75
1785156778.9849522,15,49.625,105.0
1785156778.9849522,15,50.90625,102.0
1785156778.9849522,15,189.5625,1501.75
1785156778.9849522,15,191.203125,1466.75
1785156778.9849522,15,192.796875,1450.25
1785156778.9849522,15,194.46875,1447.5
1785156778.9849522,15,196.125,1450.0
1785156778.9849522,15,197.734375,1449.75
1785156778.9849522,15,199.328125,1461.0
1785156778.9849522,15,200.953125,1477.0
1785156778.9849522,15,216.796875,3162.25
1785156778.9849522,15,218.421875,3072.25
1785156778.9849522,15,221.75,2893.0
1785156778.9849522,15,225.046875,2734.75
1785156778.9849522,15,226.6875,2666.25
1785156778.9849522,9,228.34375,2592.0
1785156778.9849522,15,230.015625,2526.5
1785156778.9849522,12,231.625,2468.0
1785156778.9849522,15,233.28125,2430.5
1785156778.9849522,4,234.90625,2389.75
1785156778.9849522,9,236.59375,2341.75
1785156778.9849522,15,238.234375,2306.25
1785156778.9849522,15,239.859375,2271.75
1785156778.9849522,13,241.53125,2254.0
1785156778.9849522,15,253.0625,2068.75
1785156778.9849522,15,254.703125,2046.0
1785156778.9849522,15,256.328125,2023.25
1785156778.9849522,15,257.96875,2008.75
1785156778.9849522,15,259.625,1997.25
1785156778.9849522,15,261.25,1994.0
1785156778.9849522,15,262.890625,1994.5
1785156778.9849522,15,264.515625,1989.25
1785156778.9849522,15,266.171875,1982.75
1785156778.9849522,15,267.828125,1978.0
1785156778.9849522,15,269.46875,1976.0
1785156778.9849522,15,271.078125,1977.25
1785156778.9849522,15,272.703125,1980.25
1785156778.9849522,15,274.34375,1982.75
1785156778.9849522,15,275.90625,1995.75
1785156778.9849522,15,277.53125,2012.0
1785156778.9849522,15,279.171875,2022.0
1785156778.9849522,15,280.796875,2033.75
1785156778.9849522,14,282.40625,2044.75
1785156778.9849522,13,284.0625,2050.75
1785156778.9849522,15,297.046875,2273.25
1785156778.9849522,15,298.75,2302.75
1785156778.9849522,11,300.359375,2341.0
1785156778.9849522,15,302.0,2373.25
1785156778.9849522,9,303.609375,2417.75
1785156778.9849522,15,305.25,2473.75
1785156778.9849522,15,306.890625,2501.0
1785156778.9849522,11,308.5,2532.5
1785156778.9849522,9,310.109375,2594.25
1785156778.9849522,15,315.1875,2099.75
1785156778.9849522,15,316.8125,2113.0
1785156778.9849522,15,318.4375,2113.75
1785156778.9849522,15,320.109375,2112.75
1785156778.9849522,15,321.734375,2115.75
1785156778.9849522,10,323.421875,2133.0
1785156778.9849522,15,349.171875,7143.25
1785156779.096483,15,350.8125,7098.75
1785156779.096483,15,352.4375,7048.0
1785156779.096483,15,354.09375,6959.0
1785156779.096483,15,355.75,6883.75
1785156779.096483,15,357.375,6833.25
1785156779.096483,15,359.015625,6802.5
1785156779.096483,15,0.65625,6805.5
1785156779.096483,15,2.28125,6781.0
1785156779.096483,15,3.9375,6731.0
1785156779.096483,15,5.578125,6713.25
1785156779.096483,15,9.578125,1514.5
1785156779.096483,15,11.0625,1527.25
1785156779.096483,15,17.53125,1675.0
1785156779.096483,15,19.140625,1679.75
1785156779.096483,15,25.03125,7145.5
1785156779.096483,15,45.890625,106.75
1785156779.096483,15,48.03125,104.75
1785156779.096483,14,50.6875,102.0
1785156779.096483,10,183.625,10304.0
1785156779.096483,9,186.9375,8541.0
1785156779.096483,15,190.984375,1502.0
1785156779.096483,15,192.703125,1467.5
1785156779.096483,15,194.3125,1452.5
1785156779.096483,15,195.984375,1452.75
1785156779.096483,15,197.578125,1455.5
1785156779.096483,15,199.234375,1461.0
1785156779.096483,15,200.8125,1471.0
1785156779.096483,15,202.484375,1482.0
1785156779.096483,15,216.640625,3192.75
1785156779.096483,15,219.953125,3008.75
1785156779.096483,12,224.859375,2769.75
1785156779.096483,12,226.5625,2702.5
1785156779.096483,15,228.21875,2632.25
1785156779.096483,15,231.5,2496.5
1785156779.096483,14,233.140625,2458.25
1785156779.096483,15,234.78125,2422.0
1785156779.096483,9,236.453125,2373.0
1785156779.096483,15,238.0625,2327.25
1785156779.096483,15,239.71875,2294.25
1785156779.096483,15,241.375,2262.25
1785156779.096483,12,243.0,2249.25
1785156779.096483,15,257.765625,2067.5
1785156779.096483,15,259.421875,2057.25
1785156779.096483,12,261.03125,2052.0
1785156779.096483,11,262.671875,2053.75
1785156779.096483,12,264.3125,2051.0
1785156779.096483,13,265.921875,2047.25
1785156779.096483,10,267.546875,2048.5
1785156779.096483,10,269.171875,2048.75
1785156779.096483,12,270.828125,2049.5
1785156779.096483,8,272.46875,2049.5
1785156779.096483,9,274.09375,2055.0
1785156779.096483,10,275.703125,2071.0
1785156779.096483,15,277.34375,2081.5
1785156779.096483,8,296.84375,2317.75
1785156779.096483,15,298.4375,2361.25
1785156779.096483,15,300.203125,2396.75
1785156779.096483,8,301.875,2429.0
1785156779.096483,15,303.484375,2470.75
1785156779.096483,7,305.125,2521.0
1785156779.096483,13,306.734375,2545.25
1785156779.096483,15,308.359375,2584.0
1785156779.096483,8,310.0,2642.25
1785156779.096483,14,315.078125,2098.25
1785156779.096483,15,316.6875,2115.0
1785156779.096483,15,318.34375,2128.75
1785156779.096483,15,319.96875,2137.25
1785156779.096483,15,321.609375,2134.75
1785156779.096483,15,323.3125,2144.5
1785156779.096483,15,349.046875,7213.0
1785156779.2103434,15,350.6875,7153.5
1785156779.2103434,15,352.328125,7081.0
1785156779.2103434,15,353.984375,7005.0
1785156779.2103434,15,355.609375,6935.25
1785156779.2103434,15,357.25,6881.5
1785156779.2103434,15,358.890625,6830.5
1785156779.2103434,15,0.53125,6802.75
1785156779.2103434,15,2.171875,6797.75
1785156779.2103434,15,3.8125,6757.25
1785156779.2103434,15,5.453125,6751.25
1785156779.2103434,15,9.5,1514.25
1785156779.2103434,15,11.015625,1535.0
1785156779.2103434,15,17.515625,1671.25
1785156779.2103434,15,19.109375,1675.5
1785156779.2103434,15,47.484375,107.0
1785156779.2103434,15,48.546875,105.0
1785156779.2103434,15,50.765625,102.25
1785156779.2103434,15,192.484375,1497.0
1785156779.2103434,15,194.125,1462.25
1785156779.2103434,15,195.796875,1450.75
1785156779.2103434,15,197.390625,1454.25
1785156779.2103434,15,199.046875,1452.75
1785156779.2103434,15,200.671875,1458.0
1785156779.2103434,15,203.90625,1482.5
1785156779.2103434,9,216.5,3148.5
1785156779.2103434,11,218.125,3062.0
1785156779.2103434,15,219.78125,2983.0
1785156779.2103434,15,221.453125,2901.25
1785156779.2103434,15,224.71875,2733.0
1785156779.2103434,13,226.375,2674.75
1785156779.2103434,12,228.078125,2610.75
1785156779.2103434,15,229.75,2543.0
1785156779.2103434,15,231.375,2479.0
1785156779.2103434,12,233.046875,2438.25
1785156779.2103434,14,234.703125,2397.0
1785156779.2103434,10,236.3125,2351.75
1785156779.2103434,15,237.96875,2323.75
1785156779.2103434,15,239.59375,2294.0
1785156779.2103434,15,241.25,2263.5
1785156779.2103434,10,242.90625,2249.0
1785156779.2103434,15,257.65625,2059.0
1785156779.2103434,15,259.3125,2045.0
1785156779.2103434,15,260.921875,2040.25
1785156779.2103434,15,262.578125,2043.25
1785156779.2103434,15,264.203125,2041.25
1785156779.2103434,15,265.8125,2034.75
1785156779.2103434,14,267.46875,2032.25
1785156779.2103434,15,269.078125,2037.25
1785156779.2103434,15,270.703125,2035.25
1785156779.2103434,15,272.375,2037.0
1785156779.2103434,15,273.96875,2040.75
1785156779.2103434,15,275.578125,2039.5
1785156779.2103434,11,277.234375,2056.0
1785156779.2103434,13,293.46875,2250.75
1785156779.2103434,15,295.09375,2275.75
1785156779.2103434,9,296.71875,2322.5
1785156779.2103434,15,298.34375,2376.25
1785156779.2103434,10,300.078125,2418.75
1785156779.2103434,15,301.71875,2417.75
1785156779.2103434,7,305.0,2533.25
1785156779.2103434,15,306.625,2571.25
1785156779.2103434,10,308.234375,2624.25
1785156779.2103434,15,309.875,2673.75
1785156779.2103434,15,316.578125,2116.5
1785156779.2103434,15,318.21875,2151.75
1785156779.2103434,15,319.84375,2152.25
1785156779.2103434,15,321.5,2148.5
1785156779.2103434,15,323.1875,2151.5
1785156779.2103434,15,348.953125,7261.0
1785156779.322145,15,350.59375,7160.25
1785156779.322145,15,352.21875,7123.75
1785156779.322145,15,353.859375,7044.75
1785156779.322145,15,355.515625,6943.5
1785156779.322145,15,357.15625,6905.25
1785156779.322145,15,358.78125,6864.0
1785156779.322145,15,0.4375,6805.5
1785156779.322145,15,2.0625,6756.75
1785156779.322145,15,3.71875,6748.0
1785156779.322145,15,5.34375,6766.25
1785156779.322145,15,9.421875,1509.25
1785156779.322145,15,17.421875,1670.75
1785156779.322145,10,19.03125,1681.75
1785156779.322145,15,45.9375,106.75
1785156779.322145,15,47.875,104.75
1785156779.322145,15,51.265625,102.0
1785156779.322145,15,194.28125,1486.75
1785156779.322145,15,195.921875,1469.25
1785156779.322145,15,197.515625,1464.25
1785156779.322145,15,199.140625,1454.25
1785156779.322145,15,200.8125,1459.25
1785156779.322145,9,202.390625,1472.75
1785156779.322145,15,204.140625,1476.5
1785156779.322145,15,216.703125,3192.75
1785156779.322145,15,220.0,3013.75
1785156779.322145,15,224.96875,2749.5
1785156779.322145,10,226.578125,2696.5
1785156779.322145,15,228.234375,2631.25
1785156779.322145,14,231.53125,2497.75
1785156779.322145,15,233.171875,2457.25
1785156779.322145,15,234.8125,2423.0
1785156779.322145,15,236.46875,2374.5
1785156779.322145,8,238.109375,2339.5
1785156779.322145,15,239.734375,2318.75
1785156779.322145,15,241.375,2288.75
1785156779.322145,15,243.015625,2267.0
1785156779.322145,15,244.671875,2252.5
1785156779.322145,8,246.296875,2238.25
1785156779.322145,15,261.09375,2054.25
1785156779.322145,15,262.6875,2047.25
1785156779.322145,15,264.328125,2045.75
1785156779.322145,15,265.96875,2049.0
1785156779.322145,15,267.640625,2048.25
1785156779.322145,15,269.25,2037.25
1785156779.322145,15,270.90625,2037.0
1785156779.322145,14,272.515625,2047.25
1785156779.322145,15,274.1875,2044.0
1785156779.322145,12,275.765625,2041.75
1785156779.322145,13,277.40625,2051.75
1785156779.322145,9,279.03125,2070.25
1785156779.322145,6,298.71875,2349.25
1785156779.322145,15,300.3125,2387.25
1785156779.322145,15,301.953125,2429.0
1785156779.322145,15,303.609375,2442.5
1785156779.322145,7,306.875,2550.25
1785156779.322145,15,308.484375,2559.5
1785156779.322145,8,310.125,2593.75
1785156779.322145,15,316.8125,2164.5
1785156779.322145,15,318.421875,2171.0
1785156779.322145,15,320.109375,2172.0
1785156779.322145,15,321.75,2170.5
1785156779.322145,15,323.359375,2175.5
1785156779.322145,15,347.46875,7666.5
1785156779.4333055,15,350.765625,7169.0
1785156779.4333055,15,352.390625,7128.0
1785156779.4333055,15,354.03125,7053.25
1785156779.4333055,15,355.6875,6982.0
1785156779.4333055,15,357.328125,6917.0
1785156779.4333055,15,358.953125,6876.75
1785156779.4333055,15,0.609375,6842.0
1785156779.4333055,15,2.25,6766.75
1785156779.4333055,15,3.890625,6729.5
1785156779.4333055,15,5.515625,6790.25
1785156779.4333055,15,9.578125,1512.5
1785156779.4333055,15,17.640625,1668.5
1785156779.4333055,15,47.40625,106.5
1785156779.4333055,15,49.59375,104.75
1785156779.4333055,15,194.46875,1517.25
1785156779.4333055,15,196.078125,1486.25
1785156779.4333055,15,197.734375,1462.5
1785156779.4333055,15,199.375,1456.5
1785156779.4333055,15,201.046875,1464.75
1785156779.4333055,15,202.65625,1465.0
1785156779.4333055,15,204.28125,1474.75
1785156779.4333055,15,205.890625,1491.25
1785156779.4333055,10,220.171875,3061.75
1785156779.4333055,15,223.46875,2887.0
1785156779.4333055,15,226.78125,2731.5
1785156779.4333055,9,228.40625,2676.25
1785156779.4333055,8,230.0625,2614.0
1785156779.4333055,15,231.734375,2550.25
1785156779.4333055,12,233.359375,2489.25
1785156779.4333055,9,235.03125,2446.75
1785156779.4333055,9,236.65625,2407.0
1785156779.4333055,10,238.328125,2355.0
1785156779.4333055,15,239.96875,2317.0
1785156779.4333055,15,241.609375,2290.5
1785156779.4333055,15,243.234375,2268.75
1785156779.4333055,15,244.890625,2256.0
1785156779.4333055,7,246.546875,2238.25
1785156779.4333055,15,261.296875,2070.0
1785156779.4333055,15,262.96875,2071.75
1785156779.4333055,15,264.5625,2065.25
1785156779.4333055,15,266.203125,2061.75
1785156779.4333055,15,267.875,2062.5
1785156779.4333055,14,269.515625,2061.25
1785156779.4333055,11,271.15625,2059.0
1785156779.4333055,10,272.796875,2054.25
1785156779.4333055,11,275.984375,2053.0
1785156779.4333055,9,277.640625,2067.25
1785156779.4333055,11,293.921875,2240.25
1785156779.4333055,8,295.546875,2243.5
1785156779.4333055,8,298.890625,2347.0
1785156779.4333055,15,300.53125,2392.0
1785156779.4333055,13,302.171875,2436.5
1785156779.4333055,15,303.8125,2458.0
1785156779.4333055,13,305.421875,2487.5
1785156779.4333055,6,307.0625,2537.75
1785156779.4333055,15,308.6875,2562.25
1785156779.4333055,15,310.3125,2590.0
1785156779.4333055,15,315.359375,2139.5
1785156779.4333055,15,317.0,2183.0
1785156779.4333055,15,318.640625,2190.25
1785156779.4333055,15,320.296875,2184.0
1785156779.4333055,15,321.9375,2179.75
1785156779.4333055,15,323.578125,2192.5
1785156779.4333055,15,347.71875,7673.75
1785156779.54862,15,351.015625,7180.75
1785156779.54862,15,352.65625,7136.0
1785156779.54862,15,354.296875,7090.25
1785156779.54862,15,355.9375,6994.75
1785156779.54862,15,357.59375,6893.75
1785156779.54862,15,359.234375,6861.25
1785156779.54862,15,0.875,6853.5
1785156779.54862,15,2.515625,6790.75
1785156779.54862,15,4.15625,6747.25
1785156779.54862,15,5.796875,6769.5
1785156779.54862,15,9.796875,1524.25
1785156779.54862,15,17.84375,1669.0
1785156779.54862,15,47.53125,106.5
1785156779.54862,15,51.703125,101.5
1785156779.54862,15,198.046875,1483.75
1785156779.54862,15,201.390625,1464.5
1785156779.54862,15,203.0,1464.0
1785156779.54862,15,204.53125,1483.0
1785156779.54862,15,206.1875,1487.75
1785156779.54862,15,217.15625,3179.25
1785156779.54862,15,222.09375,2908.0
1785156779.54862,15,225.4375,2736.75
1785156779.54862,15,227.046875,2675.25
1785156779.54862,9,228.703125,2612.0
1785156779.54862,14,230.359375,2555.75
1785156779.54862,8,231.96875,2496.5
1785156779.54862,13,233.640625,2449.75
1785156779.54862,10,235.3125,2404.25
1785156779.54862,12,236.9375,2348.0
1785156779.54862,15,238.5625,2320.0
1785156779.54862,15,240.203125,2293.25
1785156779.54862,15,241.859375,2262.75
1785156779.54862,15,243.484375,2247.5
1785156779.54862,12,258.25,2059.0
1785156779.54862,15,259.890625,2038.5
1785156779.54862,15,261.546875,2036.5
1785156779.54862,15,263.203125,2035.0
1785156779.54862,15,264.8125,2037.5
1785156779.54862,15,266.46875,2044.0
1785156779.54862,15,268.078125,2043.5
1785156779.54862,15,269.734375,2041.0
1785156779.54862,15,271.34375,2041.75
1785156779.54862,12,273.015625,2043.5
1785156779.54862,11,276.28125,2053.0
1785156779.54862,9,277.890625,2069.0
1785156779.54862,10,292.59375,2240.5
1785156779.54862,15,294.21875,2252.5
1785156779.54862,15,295.84375,2258.25
1785156779.54862,15,299.171875,2386.75
1785156779.54862,15,300.796875,2422.25
1785156779.54862,15,302.40625,2448.5
1785156779.54862,15,304.0625,2480.0
1785156779.54862,12,305.6875,2529.75
1785156779.54862,15,307.3125,2583.5
1785156779.54862,15,308.953125,2596.75
1785156779.54862,11,310.578125,2624.5
1785156779.54862,15,313.984375,2089.5
1785156779.54862,15,317.265625,2202.25
1785156779.54862,15,318.890625,2209.75
1785156779.54862,15,320.546875,2201.75
1785156779.54862,15,322.1875,2195.0
1785156779.54862,15,323.859375,2203.75
1785156779.54862,15,348.015625,7681.25
1785156779.7717903,15,351.65625,7216.25
1785156779.7717903,15,353.296875,7167.75
1785156779.7717903,15,354.9375,7110.75
1785156779.7717903,15,356.578125,7016.0
1785156779.7717903,15,358.21875,6939.75
1785156779.7717903,15,359.859375,6892.0
1785156779.7717903,15,1.515625,6834.75
1785156779.7717903,15,3.140625,6798.25
1785156779.7717903,15,4.78125,6771.0
1785156779.7717903,15,6.4375,6743.5
1785156779.7717903,15,8.078125,6741.75
1785156779.7717903,15,9.703125,6775.0
1785156779.7717903,15,13.59375,1698.75
1785156779.7717903,15,15.234375,1694.5
1785156779.7717903,15,16.890625,1668.25
1785156779.7717903,10,18.53125,1679.0
1785156779.7717903,15,45.65625,108.25
1785156779.7717903,15,47.078125,105.75
1785156779.7717903,15,198.828125,1512.0
1785156779.7717903,15,200.484375,1493.25
1785156779.7717903,15,202.09375,1485.75
1785156779.7717903,15,203.703125,1478.0
1785156779.7717903,15,205.328125,1481.0
1785156779.7717903,15,208.609375,1495.75
1785156779.7717903,15,217.890625,3211.0
1785156779.7717903,15,221.203125,3022.25
1785156779.7717903,15,226.15625,2769.75
1785156779.7717903,11,227.828125,2698.5
1785156779.7717903,15,229.4375,2640.25
1785156779.7717903,12,231.109375,2582.75
1785156779.7717903,15,232.75,2515.25
1785156779.7717903,10,234.390625,2463.25
1785156779.7717903,15,236.015625,2422.5
1785156779.7717903,15,239.328125,2317.25
1785156779.7717903,15,240.953125,2291.25
1785156779.7717903,15,242.625,2275.25
1785156779.7717903,13,244.28125,2261.5
1785156779.7717903,14,257.4375,2076.5
1785156779.7717903,15,259.078125,2059.25
1785156779.7717903,15,260.703125,2044.5
1785156779.7717903,15,262.34375,2033.5
1785156779.7717903,15,263.984375,2034.25
1785156779.7717903,15,265.609375,2037.25
1785156779.7717903,15,267.25,2035.25
1785156779.7717903,15,268.890625,2036.5
1785156779.7717903,15,270.515625,2036.75
1785156779.7717903,15,272.171875,2037.5
1785156779.7717903,15,273.78125,2042.25
1785156779.7717903,15,275.390625,2046.0
1785156779.7717903,15,276.984375,2055.5
1785156779.7717903,15,278.625,2068.25
1785156779.7717903,15,296.5,2253.0
1785156779.7717903,12,298.140625,2279.25
1785156779.7717903,9,299.875,2306.25
1785156779.7717903,6,301.5,2349.75
1785156779.7717903,10,303.140625,2410.25
1785156779.7717903,15,304.78125,2443.0
1785156779.7717903,15,306.40625,2451.0
1785156779.7717903,15,309.671875,2576.5
1785156779.7717903,13,311.3125,2619.0
1785156779.7717903,15,316.3125,2189.5
1785156779.7717903,15,317.9375,2223.5
1785156779.7717903,15,319.59375,2233.0
1785156779.7717903,15,321.25,2232.5
1785156779.7717903,15,322.9375,2225.25
1785156779.7717903,15,324.546875,2250.75
1785156779.7717903,15,348.75,7692.25
1785156779.8863513,15,352.046875,7206.5
1785156779.8863513,15,353.6875,7148.75
1785156779.8863513,15,355.328125,7085.75
1785156779.8863513,15,356.984375,7020.25
1785156779.8863513,15,358.609375,6965.5
1785156779.8863513,15,0.28125,6908.25
1785156779.8863513,15,1.90625,6859.5
1785156779.8863513,15,3.546875,6803.5
1785156779.8863513,15,5.1875,6737.75
1785156779.8863513,15,6.84375,6723.75
1785156779.8863513,15,8.484375,6752.5
1785156779.8863513,15,10.125,6724.75
1785156779.8863513,15,17.234375,1664.5
1785156779.8863513,15,46.84375,107.0
1785156779.8863513,15,48.0,105.25
1785156779.8863513,15,200.796875,1514.75
1785156779.8863513,15,204.078125,1490.0
1785156779.8863513,15,205.671875,1482.5
1785156779.8863513,15,207.375,1487.0
1785156779.8863513,15,209.03125,1487.25
1785156779.8863513,15,219.953125,3012.75
1785156779.8863513,15,224.921875,2765.5
1785156779.8863513,11,226.609375,2696.5
1785156779.8863513,15,228.265625,2630.75
1785156779.8863513,11,229.890625,2576.25
1785156779.8863513,13,233.203125,2457.5
1785156779.8863513,15,234.8125,2423.75
1785156779.8863513,9,236.484375,2373.25
1785156779.8863513,15,238.140625,2315.75
1785156779.8863513,15,239.78125,2282.0
1785156779.8863513,15,241.40625,2263.0
1785156779.8863513,13,243.078125,2240.75
1785156779.8863513,13,256.234375,2072.5
1785156779.8863513,15,257.875,2047.5
1785156779.8863513,15,259.515625,2032.75
1785156779.8863513,15,261.171875,2022.5
1785156779.8863513,15,262.796875,2008.75
1785156779.8863513,15,264.4375,2003.25
1785156779.8863513,15,266.0625,2006.0
1785156779.8863513,15,267.71875,2007.5
1785156779.8863513,15,269.359375,2017.0
1785156779.8863513,15,271.0,2020.5
1785156779.8863513,15,272.65625,2019.5
1785156779.8863513,15,274.296875,2022.5
1785156779.8863513,15,275.859375,2022.25
1785156779.8863513,15,277.46875,2031.25
1785156779.8863513,15,279.09375,2035.25
1785156779.8863513,15,280.703125,2044.75
1785156779.8863513,14,282.328125,2067.5
1785156779.8863513,11,283.984375,2083.75
1785156779.8863513,15,297.0,2251.0
1785156779.8863513,15,298.734375,2277.25
1785156779.8863513,7,300.34375,2320.0
1785156779.8863513,15,301.953125,2367.75
1785156779.8863513,8,303.578125,2419.25
1785156779.8863513,12,305.21875,2448.75
1785156779.8863513,15,306.859375,2460.5
1785156779.8863513,15,310.109375,2583.0
1785156779.8863513,11,311.765625,2628.0
1785156779.8863513,15,316.765625,2220.5
1785156779.8863513,15,318.390625,2244.0
1785156779.8863513,15,320.046875,2254.0
1785156779.8863513,15,321.671875,2252.75
1785156779.8863513,15,323.40625,2251.0
1785156779.8863513,10,325.046875,2271.75
1785156779.9963672,15,352.5,7203.25
1785156779.9963672,15,354.140625,7155.0
1785156779.9963672,15,355.78125,7116.75
1785156779.9963672,15,359.0625,6916.0
1785156779.9963672,15,0.703125,6904.25
1785156779.9963672,15,2.359375,6849.25
1785156779.9963672,15,4.0,6825.75
1785156779.9963672,15,5.625,6767.0
1785156779.9963672,15,7.28125,6738.5
1785156779.9963672,15,8.90625,6769.75
1785156779.9963672,15,10.5,6743.0
1785156779.9963672,15,17.671875,1657.5
1785156779.9963672,15,47.265625,106.5
1785156779.9963672,13,51.625,101.5
1785156779.9963672,15,204.515625,1489.0
1785156779.9963672,15,206.171875,1487.0
1785156779.9963672,13,207.765625,1491.0
1785156779.9963672,15,209.421875,1497.0
1785156779.9963672,15,211.015625,1515.5
1785156779.9963672,13,220.375,3064.5
1785156779.9963672,15,223.6875,2854.5
1785156779.9963672,15,225.375,2787.25
1785156779.9963672,15,228.703125,2627.5
1785156779.9963672,11,230.34375,2578.75
1785156779.9963672,15,233.625,2452.0
1785156779.9963672,12,235.265625,2431.25
1785156779.9963672,11,236.9375,2391.75
1785156779.9963672,12,238.59375,2336.5
1785156779.9963672,15,240.21875,2292.5
1785156779.9963672,15,241.890625,2263.0
1785156779.9963672,11,243.5,2248.75
1785156779.9963672,8,245.1875,2230.75
1785156779.9963672,12,259.921875,2067.75
1785156779.9963672,15,261.53125,2048.5
1785156779.9963672,15,263.140625,2036.0
1785156779.9963672,15,264.828125,2036.0
1785156779.9963672,15,266.4375,2033.0
1785156779.9963672,15,268.078125,2033.5
1785156779.9963672,15,269.71875,2040.0
1785156779.9963672,15,271.359375,2040.25
1785156779.9963672,15,272.96875,2041.5
1785156779.9963672,15,274.65625,2041.25
1785156779.9963672,15,276.21875,2037.75
1785156779.9963672,15,277.875,2036.0
1785156779.9963672,15,279.515625,2037.25
1785156779.9963672,15,281.125,2054.75
1785156779.9963672,12,282.75,2072.5
1785156779.9963672,10,284.40625,2080.5
1785156779.9963672,15,297.390625,2259.25
1785156779.9963672,15,299.171875,2288.0
1785156779.9963672,8,300.765625,2326.25
1785156779.9963672,15,302.40625,2374.75
1785156779.9963672,7,304.03125,2427.0
1785156779.9963672,10,305.703125,2457.75
1785156779.9963672,15,307.3125,2477.25
1785156779.9963672,15,310.578125,2603.75
1785156779.9963672,12,312.1875,2636.5
1785156779.9963672,15,317.21875,2243.0
1785156779.9963672,15,318.859375,2256.25
1785156779.9963672,15,320.515625,2260.25
1785156779.9963672,15,322.15625,2265.0
1785156779.9963672,15,323.796875,2268.5
1785156780.109264,15,352.890625,7226.0
1785156780.109264,15,354.53125,7171.0
1785156780.109264,15,356.171875,7124.75
1785156780.109264,15,357.8125,7051.5
1785156780.109264,15,359.453125,6942.0
1785156780.109264,15,1.09375,6861.75
1785156780.109264,15,2.734375,6803.25
1785156780.109264,15,4.390625,6773.25
1785156780.109264,15,6.015625,6744.0
1785156780.109264,15,7.65625,6745.75
1785156780.109264,15,9.296875,6756.5
1785156780.109264,15,10.90625,6738.25
1785156780.109264,15,18.140625,1668.25
1785156780.109264,15,46.859375,106.25
1785156780.109264,15,204.96875,1512.25
1785156780.109264,15,206.546875,1490.5
1785156780.109264,15,208.265625,1490.0
1785156780.109264,15,209.90625,1491.75
1785156780.109264,15,211.5,1498.25
1785156780.109264,15,220.84375,3029.25
1785156780.109264,15,225.8125,2764.0
1785156780.109264,12,227.46875,2683.5
1785156780.109264,15,229.109375,2619.5
1785156780.109264,10,230.734375,2567.0
1785156780.109264,11,234.046875,2445.25
1785156780.109264,9,235.6875,2409.25
1785156780.109264,15,237.359375,2352.0
1785156780.109264,15,239.015625,2293.5
1785156780.109264,15,240.625,2257.5
1785156780.109264,11,242.265625,2239.25
1785156780.109264,13,243.921875,2224.25
1785156780.109264,14,257.046875,2072.25
1785156780.109264,15,258.734375,2053.75
1785156780.109264,15,260.328125,2046.25
1785156780.109264,15,262.03125,2039.5
1785156780.109264,15,263.640625,2025.0
1785156780.109264,15,265.296875,2021.5
1785156780.109264,15,266.9375,2026.5
1785156780.109264,15,268.578125,2023.25
1785156780.109264,15,270.203125,2023.25
1785156780.109264,15,271.828125,2033.0
1785156780.109264,15,273.484375,2039.75
1785156780.109264,15,275.078125,2043.75
1785156780.109264,13,276.75,2040.5
1785156780.109264,15,278.328125,2033.5
1785156780.109264,15,280.015625,2036.5
1785156780.109264,15,281.625,2053.75
1785156780.109264,9,283.234375,2074.5
1785156780.109264,8,284.90625,2088.75
1785156780.109264,15,297.90625,2253.5
1785156780.109264,15,299.65625,2280.25
1785156780.109264,12,301.328125,2319.5
1785156780.109264,3,302.953125,2364.75
1785156780.109264,15,304.5625,2413.75
1785156780.109264,7,306.21875,2453.5
1785156780.109264,15,307.828125,2477.25
1785156780.109264,7,309.484375,2523.0
1785156780.109264,13,311.109375,2590.75
1785156780.109264,8,312.75,2630.75
1785156780.109264,15,316.125,2222.25
1785156780.109264,15,317.78125,2262.75
1785156780.109264,15,319.40625,2283.5
1785156780.109264,15,321.03125,2288.75
1785156780.109264,15,322.6875,2285.5
1785156780.109264,15,324.328125,2290.5
1785156780.109264,15,350.125,7718.25
1785156780.2223227,15,353.421875,7199.5
1785156780.2223227,15,355.078125,7117.75
1785156780.2223227,15,356.703125,7080.75
1785156780.2223227,15,358.34375,7048.25
1785156780.2223227,15,0.0,6956.75
1785156780.2223227,15,1.625,6878.5
1785156780.2223227,15,3.28125,6849.25
1785156780.2223227,15,4.90625,6814.25
1785156780.2223227,15,6.546875,6762.5
1785156780.2223227,15,8.203125,6742.75
1785156780.2223227,15,9.828125,6742.75
1785156780.2223227,9,13.046875,8676.5
1785156780.2223227,15,17.0625,1667.0
1785156780.2223227,15,45.4375,108.0
1785156780.2223227,15,48.421875,105.5
1785156780.2223227,15,165.71875,2541.5
1785156780.2223227,15,205.453125,1533.25
1785156780.2223227,15,207.09375,1505.5
1785156780.2223227,15,208.71875,1501.25
1785156780.2223227,15,210.40625,1499.0
1785156780.2223227,15,211.984375,1499.75
1785156780.2223227,15,213.578125,1526.25
1785156780.2223227,15,223.03125,2884.25
1785156780.2223227,12,226.328125,2711.5
1785156780.2223227,15,227.953125,2643.25
1785156780.2223227,13,229.59375,2587.25
1785156780.2223227,15,231.265625,2529.5
1785156780.2223227,12,232.90625,2465.5
1785156780.2223227,15,234.5625,2423.5
1785156780.2223227,15,237.875,2320.75
1785156780.2223227,15,239.515625,2284.75
1785156780.2223227,15,241.15625,2254.5
1785156780.2223227,8,242.8125,2225.75
1785156780.2223227,15,255.96875,2063.0
1785156780.2223227,15,257.625,2045.75
1785156780.2223227,15,259.21875,2029.25
1785156780.2223227,15,260.875,2017.75
1785156780.2223227,15,262.53125,2001.25
1785156780.2223227,15,264.203125,1989.5
1785156780.2223227,15,265.8125,1983.25
1785156780.2223227,15,267.46875,1984.5
1785156780.2223227,15,269.0625,1987.0
1785156780.2223227,15,270.734375,1988.75
1785156780.2223227,15,272.34375,1997.5
1785156780.2223227,15,273.96875,2004.75
1785156780.2223227,15,275.65625,2013.25
1785156780.2223227,15,277.296875,2020.0
1785156780.2223227,15,278.921875,2024.75
1785156780.2223227,15,280.5625,2029.0
1785156780.2223227,15,282.171875,2037.75
1785156780.2223227,15,283.796875,2047.5
1785156780.2223227,8,285.46875,2057.25
1785156780.2223227,15,300.21875,2273.25
1785156780.2223227,9,301.859375,2308.0
1785156780.2223227,6,305.125,2432.0
1785156780.2223227,12,306.734375,2459.0
1785156780.2223227,15,308.375,2478.5
1785156780.2223227,6,310.0,2527.5
1785156780.2223227,11,311.640625,2601.75
1785156780.2223227,15,316.640625,2247.25
1785156780.2223227,15,318.28125,2279.5
1785156780.2223227,15,319.90625,2301.0
1785156780.2223227,15,321.578125,2306.75
1785156780.2223227,15,323.203125,2305.5
1785156780.2223227,15,324.859375,2312.0
1785156780.33516,15,350.703125,7727.5
1785156780.33516,15,354.0,7211.25
1785156780.33516,15,355.640625,7149.25
1785156780.33516,15,357.28125,7078.0
1785156780.33516,15,358.9375,7025.0
1785156780.33516,15,0.578125,6973.0
1785156780.33516,15,2.21875,6907.0
1785156780.33516,15,3.875,6856.5
1785156780.33516,15,5.5,6787.25
1785156780.33516,15,7.15625,6741.0
1785156780.33516,15,8.796875,6769.5
1785156780.33516,15,10.390625,6785.5
1785156780.33516,15,17.59375,1661.0
1785156780.33516,15,46.1875,106.5
1785156780.33516,15,49.15625,104.75
1785156780.33516,15,50.671875,102.0
1785156780.33516,7,174.140625,11915.5
1785156780.33516,15,207.78125,1528.75
1785156780.33516,15,209.390625,1515.0
1785156780.33516,15,211.03125,1507.75
1785156780.33516,15,212.671875,1505.5
1785156780.33516,15,214.28125,1517.25
1785156780.33516,9,223.703125,2864.0
1785156780.33516,15,225.359375,2784.0
1785156780.33516,9,228.625,2615.0
1785156780.33516,12,230.296875,2564.75
1785156780.33516,15,233.59375,2448.5
1785156780.33516,8,235.234375,2408.5
1785156780.33516,7,236.890625,2358.0
1785156780.33516,15,238.53125,2312.75
1785156780.33516,15,240.1875,2278.75
1785156780.33516,10,241.8125,2251.75
1785156780.33516,12,254.96875,2066.75
1785156780.33516,15,256.609375,2048.0
1785156780.33516,15,258.3125,2037.75
1785156780.33516,15,259.9375,2025.0
1785156780.33516,15,261.5625,2008.5
1785156780.33516,15,263.234375,1994.25
1785156780.33516,15,264.890625,1982.25
1785156780.33516,15,266.515625,1975.75
1785156780.33516,15,268.140625,1977.75
1785156780.33516,15,269.75,1981.75
1785156780.33516,15,271.421875,1985.75
1785156780.33516,15,273.03125,1996.75
1785156780.33516,15,274.65625,2004.25
1785156780.33516,15,276.265625,2006.5
1785156780.33516,15,277.90625,2011.25
1785156780.33516,15,279.5625,2023.25
1785156780.33516,15,281.171875,2031.0
1785156780.33516,15,282.8125,2037.0
1785156780.33516,14,284.4375,2053.25
1785156780.33516,10,286.078125,2071.0
1785156780.33516,10,299.1875,2254.25
1785156780.33516,15,300.765625,2287.75
1785156780.33516,9,302.421875,2326.5
1785156780.33516,10,305.671875,2443.0
1785156780.33516,15,307.3125,2476.5
1785156780.33516,15,308.9375,2491.0
1785156780.33516,15,312.171875,2624.5
1785156780.33516,15,315.53125,2231.5
1785156780.33516,15,317.171875,2280.0
1785156780.33516,15,318.828125,2306.75
1785156780.33516,15,320.46875,2317.0
1785156780.33516,15,322.125,2320.0
1785156780.33516,15,323.8125,2320.25
1785156780.33516,15,325.421875,2327.25
1785156780.33516,15,349.65625,7766.75
1785156780.4464347,15,351.296875,7718.75
1785156780.4464347,15,354.609375,7204.75
1785156780.4464347,15,356.234375,7150.0
1785156780.4464347,15,357.90625,7099.0
1785156780.4464347,15,359.546875,7045.0
1785156780.4464347,15,1.1875,6947.5
1785156780.4464347,15,2.84375,6868.25
1785156780.4464347,15,4.484375,6815.75
1785156780.4464347,15,6.125,6757.0
1785156780.4464347,15,7.765625,6733.0
1785156780.4464347,15,9.421875,6775.75
1785156780.4464347,15,10.96875,6792.5
1785156780.4464347,15,19.78125,1679.5
1785156780.4464347,15,47.53125,106.25
1785156780.4464347,15,206.515625,1562.5
1785156780.4464347,15,209.765625,1556.5
1785156780.4464347,15,211.453125,1524.25
1785156780.4464347,15,213.109375,1509.25
1785156780.4464347,15,214.703125,1517.0
1785156780.4464347,15,227.421875,2628.25
1785156780.4464347,12,229.09375,2571.0
1785156780.4464347,15,230.734375,2517.25
1785156780.4464347,11,234.0625,2395.5
1785156780.4464347,14,235.671875,2355.75
1785156780.4464347,15,237.3125,2314.0
1785156780.4464347,15,238.96875,2282.0
1785156780.4464347,15,240.625,2255.5
1785156780.4464347,7,242.28125,2236.25
1785156780.4464347,11,255.453125,2072.5
1785156780.4464347,15,257.140625,2050.75
1785156780.4464347,15,258.734375,2041.5
1785156780.4464347,15,260.390625,2035.25
1785156780.4464347,15,262.046875,2030.75
1785156780.4464347,15,263.6875,2024.5
1785156780.4464347,15,265.3125,2011.0
1785156780.4464347,15,266.953125,2005.0
1785156780.4464347,15,268.59375,2011.0
1785156780.4464347,15,270.25,2013.5
1785156780.4464347,15,271.90625,2015.5
1785156780.4464347,15,273.515625,2026.75
1785156780.4464347,15,275.125,2037.5
1785156780.4464347,15,276.734375,2039.25
1785156780.4464347,13,278.34375,2035.5
1785156780.4464347,12,280.015625,2037.75
1785156780.4464347,15,281.625,2052.75
1785156780.4464347,8,283.25,2071.75
1785156780.4464347,12,297.953125,2252.5
1785156780.4464347,14,299.625,2277.25
1785156780.4464347,8,301.265625,2317.75
1785156780.4464347,7,302.890625,2355.25
1785156780.4464347,15,304.515625,2402.5
1785156780.4464347,15,306.125,2453.5
1785156780.4464347,14,307.765625,2501.75
1785156780.4464347,15,309.40625,2516.25
1785156780.4464347,15,312.671875,2643.0
1785156780.4464347,15,316.046875,2245.75
1785156780.4464347,15,317.703125,2297.5
1785156780.4464347,15,319.328125,2320.5
1785156780.4464347,15,320.9375,2331.0
1785156780.4464347,15,322.65625,2335.75
1785156780.4464347,15,324.28125,2330.5
1785156780.4464347,15,325.9375,2338.0
1785156780.4464347,15,350.171875,7868.0
1785156780.5599134,15,351.828125,7760.25
1785156780.5599134,15,355.140625,7203.25
1785156780.5599134,15,356.78125,7151.75
1785156780.5599134,15,358.421875,7106.0
1785156780.5599134,15,0.0625,7045.0
1785156780.5599134,15,1.71875,6968.75
1785156780.5599134,15,3.359375,6885.5
1785156780.5599134,15,5.015625,6821.0
1785156780.5599134,15,6.65625,6784.0
1785156780.5599134,15,8.3125,6752.0
1785156780.5599134,15,9.953125,6730.75
1785156780.5599134,15,16.90625,1923.75
1785156780.5599134,15,21.921875,1736.75
1785156780.5599134,15,45.90625,108.0
1785156780.5599134,15,49.015625,105.5
1785156780.5599134,15,210.421875,1554.5
1785156780.5599134,15,212.0,1546.5
1785156780.5599134,15,213.65625,1535.0
1785156780.5599134,15,215.34375,1522.25
1785156780.5599134,15,216.90625,1535.0
1785156780.5599134,15,226.359375,2641.75
1785156780.5599134,12,228.0625,2573.0
1785156780.5599134,9,229.71875,2506.0
1785156780.5599134,12,231.390625,2455.5
1785156780.5599134,9,233.0625,2400.5
1785156780.5599134,13,234.703125,2347.25
1785156780.5599134,15,236.359375,2308.25
1785156780.5599134,15,237.984375,2276.0
1785156780.5599134,7,239.625,2247.25
1785156780.5599134,15,249.53125,2071.0
1785156780.5599134,15,251.140625,2047.5
1785156780.5599134,15,252.796875,2040.5
1785156780.5599134,15,254.421875,2032.0
1785156780.5599134,15,256.109375,2023.25
1785156780.5599134,15,257.71875,2015.0
1785156780.5599134,15,259.359375,2006.5
1785156780.5599134,15,261.046875,1995.0
1785156780.5599134,15,262.6875,1986.75
1785156780.5599134,15,264.328125,1981.25
1785156780.5599134,15,265.953125,1972.5
1785156780.5599134,15,267.578125,1970.0
1785156780.5599134,15,269.21875,1975.5
1785156780.5599134,15,270.84375,1981.0
1785156780.5599134,15,272.5,1985.0
1785156780.5599134,15,274.125,1999.0
1785156780.5599134,15,275.6875,2015.0
1785156780.5599134,15,277.296875,2023.0
1785156780.5599134,15,278.921875,2028.0
1785156780.5599134,15,280.578125,2030.5
1785156780.5599134,15,282.234375,2037.75
1785156780.5599134,9,283.84375,2047.0
1785156780.5599134,15,298.484375,2246.75
1785156780.5599134,15,300.234375,2272.0
1785156780.5599134,6,301.828125,2312.25
1785156780.5599134,5,303.46875,2351.25
1785156780.5599134,15,305.140625,2396.0
1785156780.5599134,6,306.75,2446.5
1785156780.5599134,12,308.359375,2503.25
1785156780.5599134,15,310.015625,2518.0
1785156780.5599134,15,313.265625,2646.5
1785156780.5599134,15,316.625,2264.5
1785156780.5599134,15,318.265625,2317.25
1785156780.5599134,15,319.90625,2340.25
1785156780.5599134,15,321.546875,2343.5
1785156780.5599134,15,323.265625,2344.0
1785156780.5599134,15,324.875,2348.0
1785156780.6716876,15,350.703125,7860.5
1785156780.6716876,15,352.34375,7757.75
1785156780.6716876,15,355.640625,7211.5
1785156780.6716876,15,357.296875,7156.75
1785156780.6716876,15,358.9375,7109.0
1785156780.6716876,15,0.578125,7018.25
1785156780.6716876,15,2.21875,6950.5
1785156780.6716876,15,3.859375,6901.5
1785156780.6716876,15,5.515625,6849.5
1785156780.6716876,15,7.15625,6800.0
1785156780.6716876,15,8.796875,6766.0
1785156780.6716876,15,10.390625,6774.5
1785156780.6716876,7,13.59375,8634.5
1785156780.6716876,15,17.453125,1922.75
1785156780.6716876,15,24.046875,1822.0
1785156780.6716876,15,46.65625,106.75
1785156780.6716876,15,49.671875,104.75
1785156780.6716876,15,50.3125,102.0
1785156780.6716876,15,212.546875,1562.0
1785156780.6716876,15,214.15625,1541.75
1785156780.6716876,15,215.84375,1527.75
1785156780.6716876,15,217.46875,1536.25
1785156780.6716876,15,226.953125,2636.5
1785156780.6716876,11,228.578125,2569.25
1785156780.6716876,13,230.234375,2503.75
1785156780.6716876,12,231.890625,2453.5
1785156780.6716876,15,233.546875,2413.75
1785156780.6716876,15,235.171875,2365.75
1785156780.6716876,15,236.859375,2313.25
1785156780.6716876,15,238.515625,2278.25
1785156780.6716876,15,240.140625,2253.25
1785156780.6716876,9,241.78125,2224.5
1785156780.6716876,15,251.671875,2062.5
1785156780.6716876,15,253.3125,2046.5
1785156780.6716876,15,254.90625,2033.25
1785156780.6716876,15,256.578125,2021.75
1785156780.6716876,15,258.203125,2014.5
1785156780.6716876,15,259.84375,2004.0
1785156780.6716876,15,261.5,1993.75
1785156780.6716876,15,263.140625,1985.25
1785156780.6716876,15,264.78125,1977.75
1785156780.6716876,15,266.40625,1975.0
1785156780.6716876,15,268.046875,1973.0
1785156780.6716876,15,269.671875,1973.0
1785156780.6716876,15,271.328125,1976.75
1785156780.6716876,15,272.9375,1981.0
1785156780.6716876,15,274.578125,1992.0
1785156780.6716876,15,276.171875,2007.0
1785156780.6716876,15,277.8125,2011.75
1785156780.6716876,15,279.453125,2021.75
1785156780.6716876,15,281.109375,2031.0
1785156780.6716876,15,282.6875,2037.25
1785156780.6716876,14,284.328125,2052.5
1785156780.6716876,8,285.984375,2069.5
1785156780.6716876,15,299.109375,2256.75
1785156780.6716876,15,300.71875,2280.0
1785156780.6716876,7,302.34375,2326.0
1785156780.6716876,15,303.984375,2374.0
1785156780.6716876,15,305.609375,2410.75
1785156780.6716876,15,307.25,2459.5
1785156780.6716876,6,308.875,2516.0
1785156780.6716876,15,310.53125,2529.5
1785156780.6716876,15,313.78125,2669.25
1785156780.6716876,15,317.140625,2293.75
1785156780.6716876,15,318.78125,2339.5
1785156780.6716876,15,320.40625,2348.0
1785156780.6716876,15,322.0625,2359.5
1785156780.6716876,15,323.765625,2370.0
1785156780.6716876,15,325.421875,2366.75
1785156780.6716876,7,327.03125,2406.25
1785156780.6716876,15,349.59375,7989.5
1785156780.7827237,15,351.25,7899.25
1785156780.7827237,15,352.90625,7743.75
1785156780.7827237,15,356.1875,7193.5
1785156780.7827237,15,357.84375,7169.5
1785156780.7827237,15,359.484375,7109.25
1785156780.7827237,15,1.125,7029.5
1785156780.7827237,15,2.765625,6970.0
1785156780.7827237,15,4.40625,6896.75
1785156780.7827237,15,6.046875,6849.25
1785156780.7827237,15,7.6875,6798.75
1785156780.7827237,15,9.34375,6778.0
1785156780.7827237,7,14.125,8622.75
1785156780.7827237,15,17.984375,1924.0
1785156780.7827237,15,26.15625,1911.25
1785156780.7827237,15,47.96875,106.5
1785156780.7827237,15,211.375,1582.5
1785156780.7827237,15,213.03125,1579.0
1785156780.7827237,15,214.625,1571.5
1785156780.7827237,15,216.3125,1554.25
1785156780.7827237,15,217.9375,1540.75
1785156780.7827237,15,221.203125,1610.5
1785156780.7827237,15,222.78125,1623.75
1785156780.7827237,12,229.046875,2504.25
1785156780.7827237,15,230.71875,2453.0
1785156780.7827237,15,232.375,2410.0
1785156780.7827237,15,233.984375,2361.0
1785156780.7827237,12,235.65625,2319.75
1785156780.7827237,15,237.328125,2287.25
1785156780.7827237,15,238.96875,2266.5
1785156780.7827237,9,240.578125,2239.0
1785156780.7827237,15,253.703125,2062.25
1785156780.7827237,15,255.359375,2060.0
1785156780.7827237,15,256.984375,2058.5
1785156780.7827237,15,258.65625,2052.0
1785156780.7827237,15,260.25,2042.25
1785156780.7827237,15,261.90625,2034.0
1785156780.7827237,15,263.5625,2022.5
1785156780.7827237,15,265.1875,2019.75
1785156780.7827237,15,266.8125,2020.25
1785156780.7827237,15,268.453125,2020.0
1785156780.7827237,15,270.078125,2019.75
1785156780.7827237,15,271.703125,2026.0
1785156780.7827237,15,273.34375,2036.5
1785156780.7827237,15,274.953125,2039.5
1785156780.7827237,15,276.609375,2039.0
1785156780.7827237,9,278.21875,2046.0
1785156780.7827237,11,283.140625,2067.5
1785156780.7827237,15,296.109375,2258.25
1785156780.7827237,15,297.734375,2282.25
1785156780.7827237,13,299.53125,2311.5
1785156780.7827237,6,301.15625,2354.0
1785156780.7827237,15,302.796875,2410.5
1785156780.7827237,15,304.4375,2466.25
1785156780.7827237,14,306.046875,2517.25
1785156780.7827237,15,307.703125,2562.25
1785156780.7827237,15,309.34375,2599.75
1785156780.7827237,11,310.984375,2591.5
1785156780.7827237,11,314.265625,2723.5
1785156780.7827237,15,317.609375,2311.25
1785156780.7827237,15,319.25,2355.0
1785156780.7827237,15,320.921875,2378.75
1785156780.7827237,15,322.53125,2388.25
1785156780.7827237,15,324.1875,2381.25
1785156780.7827237,15,325.84375,2380.25
1785156780.7827237,15,350.0,7928.0
1785156780.8973167,15,351.625,7858.5
1785156780.8973167,15,353.28125,7767.0
1785156780.8973167,15,356.5625,7219.5
1785156780.8973167,15,358.203125,7171.0
1785156780.8973167,15,359.84375,7109.25
1785156780.8973167,15,1.484375,7014.5
1785156780.8973167,15,3.140625,6938.25
1785156780.8973167,15,4.78125,6899.25
1785156780.8973167,15,6.421875,6812.75
1785156780.8973167,15,8.046875,6752.25
1785156780.8973167,15,9.6875,6745.25
1785156780.8973167,15,18.421875,1927.75
1785156780.8973167,15,26.5625,1988.0
1785156780.8973167,15,47.515625,105.75
1785156780.8973167,15,211.84375,1591.25
1785156780.8973167,15,215.078125,1587.25
1785156780.8973167,15,216.734375,1559.5
1785156780.8973167,15,218.375,1546.75
1785156780.8973167,15,220.03125,1563.0
1785156780.8973167,15,221.625,1590.25
1785156780.8973167,15,223.265625,1624.25
1785156780.8973167,12,229.46875,2572.25
1785156780.8973167,14,231.09375,2503.0
1785156780.8973167,15,232.78125,2435.75
1785156780.8973167,11,234.40625,2381.0
1785156780.8973167,15,236.046875,2342.75
1785156780.8973167,15,237.703125,2307.0
1785156780.8973167,15,239.34375,2272.0
1785156780.8973167,13,240.984375,2237.0
1785156780.8973167,10,250.84375,2081.75
1785156780.8973167,15,252.515625,2062.0
1785156780.8973167,15,254.140625,2044.0
1785156780.8973167,15,255.78125,2031.25
1785156780.8973167,15,257.4375,2020.75
1785156780.8973167,15,259.078125,2014.0
1785156780.8973167,15,260.703125,2008.5
1785156780.8973167,15,262.359375,1998.0
1785156780.8973167,15,263.96875,1988.75
1785156780.8973167,15,265.625,1983.0
1785156780.8973167,15,267.25,1982.25
1785156780.8973167,15,268.921875,1980.75
1785156780.8973167,15,270.515625,1980.25
1785156780.8973167,15,272.1875,1984.75
1785156780.8973167,15,273.796875,1992.5
1785156780.8973167,15,275.421875,2001.25
1785156780.8973167,15,277.046875,2014.75
1785156780.8973167,15,278.6875,2030.75
1785156780.8973167,12,280.34375,2036.75
1785156780.8973167,14,281.953125,2040.75
1785156780.8973167,15,283.578125,2051.75
1785156780.8973167,15,298.265625,2251.5
1785156780.8973167,15,299.96875,2276.25
1785156780.8973167,10,301.625,2309.0
1785156780.8973167,15,304.875,2412.25
1785156780.8973167,14,306.515625,2444.5
1785156780.8973167,6,308.125,2500.75
1785156780.8973167,7,309.78125,2557.75
1785156780.8973167,14,311.421875,2569.25
1785156780.8973167,15,314.671875,2693.0
1785156780.8973167,15,318.0625,2334.0
1785156780.8973167,15,319.671875,2369.5
1785156780.8973167,15,321.328125,2393.5
1785156780.8973167,15,322.9375,2400.0
1785156780.8973167,15,324.59375,2393.75
1785156780.8973167,15,326.25,2392.0
1785156781.0083237,15,350.4375,7991.5
1785156781.0083237,15,352.09375,7868.5
1785156781.0083237,15,353.734375,7757.5
1785156781.0083237,15,357.03125,7235.75
1785156781.0083237,15,358.65625,7169.75
1785156781.0083237,15,0.296875,7126.5
1785156781.0083237,15,1.96875,7070.25
1785156781.0083237,15,3.59375,6976.0
1785156781.0083237,15,5.234375,6889.25
1785156781.0083237,15,6.890625,6823.0
1785156781.0083237,15,8.53125,6788.25
1785156781.0083237,15,10.171875,6733.75
1785156781.0083237,15,18.875,1915.75
1785156781.0083237,15,46.703125,107.25
1785156781.0083237,15,48.421875,105.0
1785156781.0083237,15,166.140625,2044.5
1785156781.0083237,15,167.78125,2059.0
1785156781.0083237,15,213.890625,1594.75
1785156781.0083237,15,215.59375,1594.75
1785156781.0083237,15,217.171875,1591.25
1785156781.0083237,15,218.859375,1575.0
1785156781.0083237,15,220.46875,1578.0
1785156781.0083237,15,222.15625,1602.25
1785156781.0083237,15,223.765625,1615.5
1785156781.0083237,15,225.375,1643.75
1785156781.0083237,15,231.59375,2477.5
1785156781.0083237,15,233.265625,2417.5
1785156781.0083237,15,234.890625,2367.75
1785156781.0083237,11,236.546875,2334.0
1785156781.0083237,15,238.15625,2301.0
1785156781.0083237,15,239.8125,2266.0
1785156781.0083237,13,241.4375,2233.0
1785156781.0083237,15,251.359375,2070.0
1785156781.0083237,15,253.015625,2046.75
1785156781.0083237,15,254.640625,2036.25
1785156781.0083237,15,256.25,2028.5
1785156781.0083237,15,257.875,2030.25
1785156781.0083237,15,259.546875,2030.0
1785156781.0083237,15,261.15625,2020.5
1785156781.0083237,15,262.8125,2007.0
1785156781.0083237,15,264.46875,1994.5
1785156781.0083237,15,266.09375,1990.75
1785156781.0083237,15,267.734375,1991.5
1785156781.0083237,15,269.375,1991.75
1785156781.0083237,15,271.0,1992.25
1785156781.0083237,15,272.625,2005.75
1785156781.0083237,15,274.25,2019.75
1785156781.0083237,15,275.890625,2024.75
1785156781.0083237,15,277.5,2034.0
1785156781.0083237,12,279.15625,2036.5
1785156781.0083237,12,280.765625,2046.0
1785156781.0083237,15,297.078125,2260.5
1785156781.0083237,15,298.78125,2283.5
1785156781.0083237,7,300.40625,2321.0
1785156781.0083237,15,302.03125,2371.5
1785156781.0083237,10,303.65625,2425.0
1785156781.0083237,15,305.3125,2469.75
1785156781.0083237,6,306.90625,2516.5
1785156781.0083237,15,308.546875,2567.75
1785156781.0083237,12,310.1875,2616.5
1785156781.0083237,12,311.84375,2604.5
1785156781.0083237,15,315.09375,2743.5
1785156781.0083237,15,318.484375,2359.75
1785156781.0083237,15,320.09375,2388.75
1785156781.0083237,15,321.71875,2410.25
1785156781.0083237,15,323.421875,2411.5
1785156781.0083237,15,325.0625,2406.25
1785156781.0083237,15,326.6875,2410.75
1785156781.2350857,15,351.609375,7993.75
1785156781.2350857,15,353.25,7864.5
1785156781.2350857,15,356.546875,7306.75
1785156781.2350857,15,358.1875,7244.0
1785156781.2350857,15,359.84375,7179.25
1785156781.2350857,15,1.484375,7120.0
1785156781.2350857,15,3.125,7046.75
1785156781.2350857,15,4.78125,6965.5
1785156781.2350857,15,6.4375,6889.25
1785156781.2350857,15,8.0625,6803.0
1785156781.2350857,15,9.71875,6746.25
1785156781.2350857,15,47.40625,105.75
1785156781.2350857,15,167.390625,1929.25
1785156781.2350857,12,216.671875,1627.0
1785156781.2350857,15,218.34375,1616.0
1785156781.2350857,9,219.96875,1607.0
1785156781.2350857,15,221.625,1608.0
1785156781.2350857,15,223.234375,1608.75
1785156781.2350857,15,224.90625,1619.25
1785156781.2350857,15,226.5,1640.0
1785156781.2350857,13,232.78125,2474.25
1785156781.2350857,15,234.40625,2423.5
1785156781.2350857,12,236.046875,2373.25
1785156781.2350857,9,237.71875,2330.25
1785156781.2350857,15,239.375,2294.75
1785156781.2350857,15,241.03125,2266.0
1785156781.2350857,15,250.9375,2081.75
1785156781.2350857,15,252.578125,2061.25
1785156781.2350857,15,254.265625,2043.25
1785156781.2350857,15,255.890625,2026.0
1785156781.2350857,15,257.53125,2023.0
1785156781.2350857,15,259.15625,2018.0
1785156781.2350857,15,260.796875,2007.25
1785156781.2350857,15,262.4375,2000.5
1785156781.2350857,15,264.109375,1989.75
1785156781.2350857,15,265.71875,1984.0
1785156781.2350857,15,267.359375,1978.25
1785156781.2350857,15,269.03125,1979.25
1785156781.2350857,15,270.6875,1987.25
1785156781.2350857,15,272.296875,1990.25
1785156781.2350857,15,273.9375,1991.0
1785156781.2350857,15,275.46875,1999.0
1785156781.2350857,15,277.109375,2013.75
1785156781.2350857,15,278.734375,2028.75
1785156781.2350857,12,280.359375,2045.0
1785156781.2350857,9,282.0,2061.75
1785156781.2350857,8,285.28125,2081.5
1785156781.2350857,15,296.640625,2253.0
1785156781.2350857,15,298.28125,2269.25
1785156781.2350857,12,299.96875,2303.25
1785156781.2350857,8,301.609375,2336.75
1785156781.2350857,15,303.265625,2376.5
1785156781.2350857,6,304.859375,2421.75
1785156781.2350857,15,306.515625,2475.5
1785156781.2350857,6,308.125,2525.0
1785156781.2350857,15,311.40625,2632.75
1785156781.2350857,10,314.65625,2760.25
1785156781.2350857,15,318.015625,2358.75
1785156781.2350857,15,319.640625,2402.0
1785156781.2350857,15,321.296875,2423.75
1785156781.2350857,15,322.96875,2428.0
1785156781.2350857,15,324.59375,2427.25
1785156781.2350857,15,326.234375,2424.75
1785156781.2350857,8,327.875,2460.25
1785156781.3467157,15,350.421875,8090.25
1785156781.3467157,15,352.0625,7980.0
1785156781.3467157,15,353.71875,7860.25
1785156781.3467157,15,357.0,7278.0
1785156781.3467157,15,358.640625,7218.5
1785156781.3467157,15,0.28125,7187.25
1785156781.3467157,15,1.921875,7126.5
1785156781.3467157,15,3.5625,7048.25
1785156781.3467157,15,5.203125,6955.0
1785156781.3467157,15,6.859375,6862.0
1785156781.3467157,15,8.484375,6792.75
1785156781.3467157,15,10.125,6737.75
1785156781.3467157,8,16.578125,8665.75
1785156781.3467157,15,23.71875,1943.5
1785156781.3467157,15,45.859375,107.0
1785156781.3467157,15,48.203125,105.25
1785156781.3467157,11,166.296875,1979.5
1785156781.3467157,15,167.9375,1933.75
1785156781.3467157,15,169.5625,1932.25
1785156781.3467157,15,176.0,2309.5
1785156781.3467157,15,218.84375,1625.25
1785156781.3467157,15,220.5,1611.0
1785156781.3467157,15,222.140625,1601.25
1785156781.3467157,15,223.78125,1603.0
1785156781.3467157,15,225.40625,1625.0
1785156781.3467157,15,227.0625,1647.5
1785156781.3467157,15,233.328125,2435.0
1785156781.3467157,8,234.96875,2380.5
1785156781.3467157,10,236.625,2336.25
1785156781.3467157,15,238.25,2303.0
1785156781.3467157,15,239.90625,2268.25
1785156781.3467157,15,241.578125,2236.25
1785156781.3467157,15,254.75,2071.5
1785156781.3467157,15,256.375,2057.25
1785156781.3467157,15,258.015625,2044.5
1785156781.3467157,15,259.625,2051.0
1785156781.3467157,15,261.3125,2052.75
1785156781.3467157,15,262.953125,2037.5
1785156781.3467157,15,264.5625,2031.5
1785156781.3467157,15,266.21875,2026.0
1785156781.3467157,15,267.859375,2022.75
1785156781.3467157,15,269.5,2021.0
1785156781.3467157,15,271.09375,2022.25
1785156781.3467157,15,272.75,2023.25
1785156781.3467157,15,274.40625,2026.5
1785156781.3467157,15,275.984375,2031.5
1785156781.3467157,10,277.609375,2036.0
1785156781.3467157,9,279.234375,2045.5
1785156781.3467157,9,280.875,2055.25
1785156781.3467157,15,297.171875,2259.25
1785156781.3467157,15,298.921875,2282.75
1785156781.3467157,8,300.546875,2319.0
1785156781.3467157,8,302.203125,2352.25
1785156781.3467157,15,303.8125,2387.5
1785156781.3467157,7,305.4375,2436.25
1785156781.3467157,15,307.078125,2499.0
1785156781.3467157,14,308.671875,2566.5
1785156781.3467157,14,310.328125,2622.75
1785156781.3467157,15,311.96875,2655.0
1785156781.3467157,15,315.234375,2806.25
1785156781.3467157,15,318.609375,2381.25
1785156781.3467157,15,320.25,2424.75
1785156781.3467157,15,321.890625,2439.5
1785156781.3467157,15,323.59375,2439.75
1785156781.3467157,15,325.203125,2435.75
1785156781.3467157,15,326.875,2433.75
1785156781.4579527,15,351.078125,8049.5
1785156781.4579527,15,352.71875,7929.75
1785156781.4579527,15,354.34375,7837.25
1785156781.4579527,15,357.65625,7262.0
1785156781.4579527,15,359.296875,7229.25
1785156781.4579527,15,0.9375,7180.75
1785156781.4579527,15,2.578125,7090.5
1785156781.4579527,15,4.234375,6987.25
1785156781.4579527,15,5.859375,6937.0
1785156781.4579527,15,7.515625,6887.75
1785156781.4579527,15,9.15625,6823.0
1785156781.4579527,15,12.3125,8695.5
1785156781.4579527,7,13.953125,8712.0
1785156781.4579527,13,25.9375,2021.0
1785156781.4579527,15,46.578125,106.5
1785156781.4579527,15,51.34375,101.5
1785156781.4579527,15,170.21875,1896.75
1785156781.4579527,15,222.734375,1609.5
1785156781.4579527,15,224.40625,1614.25
1785156781.4579527,15,226.046875,1626.75
1785156781.4579527,15,233.953125,2394.75
1785156781.4579527,15,235.59375,2357.75
1785156781.4579527,11,237.265625,2337.75
1785156781.4579527,15,238.875,2306.0
1785156781.4579527,15,240.53125,2275.5
1785156781.4579527,15,242.1875,2245.5
1785156781.4579527,7,243.8125,2218.75
1785156781.4579527,12,255.296875,2082.5
1785156781.4579527,13,256.921875,2068.25
1785156781.4579527,13,258.5625,2061.25
1785156781.4579527,15,260.234375,2053.0
1785156781.4579527,15,261.859375,2052.0
1785156781.4579527,15,263.46875,2047.75
1785156781.4579527,15,265.125,2039.5
1785156781.4579527,15,266.796875,2034.75
1785156781.4579527,15,268.390625,2029.5
1785156781.4579527,15,270.0625,2020.75
1785156781.4579527,15,271.65625,2022.25
1785156781.4579527,15,273.3125,2031.75
1785156781.4579527,15,274.890625,2035.75
1785156781.4579527,15,276.53125,2041.0
1785156781.4579527,15,278.203125,2044.5
1785156781.4579527,9,279.796875,2047.0
1785156781.4579527,10,294.453125,2242.5
1785156781.4579527,15,296.078125,2257.5
1785156781.4579527,15,297.6875,2286.75
1785156781.4579527,5,299.46875,2323.75
1785156781.4579527,11,301.09375,2354.5
1785156781.4579527,15,302.75,2401.5
1785156781.4579527,15,304.40625,2437.25
1785156781.4579527,15,306.015625,2478.5
1785156781.4579527,9,307.640625,2534.25
1785156781.4579527,15,310.875,2667.5
1785156781.4579527,15,312.5625,2684.25
1785156781.4579527,15,315.8125,2833.0
1785156781.4579527,15,319.1875,2399.5
1785156781.4579527,15,320.84375,2449.75
1785156781.4579527,15,322.46875,2463.0
1785156781.4579527,15,324.15625,2454.75
1785156781.4579527,15,325.796875,2447.75
1785156781.4579527,15,327.46875,2453.25
1785156781.5730946,15,351.609375,8082.25
1785156781.5730946,15,353.28125,7979.75
1785156781.5730946,15,354.921875,7862.25
1785156781.5730946,15,358.203125,7252.25
1785156781.5730946,15,359.84375,7184.0
1785156781.5730946,15,1.46875,7125.5
1785156781.5730946,15,3.125,7090.5
1785156781.5730946,15,4.765625,7004.75
1785156781.5730946,15,6.421875,6918.0
1785156781.5730946,15,8.046875,6875.75
1785156781.5730946,15,9.6875,6849.25
1785156781.5730946,15,12.921875,8764.0
1785156781.5730946,9,16.1875,8723.75
1785156781.5730946,15,48.75,106.0
1785156781.5730946,15,170.703125,1866.75
1785156781.5730946,8,219.921875,1645.75
1785156781.5730946,15,221.59375,1634.25
1785156781.5730946,15,223.234375,1619.25
1785156781.5730946,15,224.859375,1622.25
1785156781.5730946,15,236.0625,2342.5
1785156781.5730946,10,237.71875,2320.25
1785156781.5730946,15,239.359375,2293.5
1785156781.5730946,15,240.984375,2264.5
1785156781.5730946,11,242.65625,2237.25
1785156781.5730946,14,252.484375,2080.75
1785156781.5730946,15,254.15625,2054.5
1785156781.5730946,15,255.765625,2032.5
1785156781.5730946,15,257.4375,2022.75
1785156781.5730946,15,259.0625,2015.25
1785156781.5730946,15,260.703125,2010.5
1785156781.5730946,15,262.328125,2011.0
1785156781.5730946,15,263.953125,2012.5
1785156781.5730946,15,265.609375,2010.75
1785156781.5730946,15,267.234375,2005.0
1785156781.5730946,15,268.890625,1996.5
1785156781.5730946,15,270.515625,2002.0
1785156781.5730946,15,272.15625,2013.75
1785156781.5730946,15,273.796875,2023.0
1785156781.5730946,15,275.375,2028.5
1785156781.5730946,15,277.0,2028.75
1785156781.5730946,11,278.640625,2033.25
1785156781.5730946,9,280.25,2055.25
1785156781.5730946,15,296.53125,2258.75
1785156781.5730946,15,298.171875,2284.0
1785156781.5730946,8,299.921875,2311.0
1785156781.5730946,5,301.546875,2340.0
1785156781.5730946,15,303.1875,2380.75
1785156781.5730946,15,304.828125,2418.25
1785156781.5730946,15,306.4375,2457.25
1785156781.5730946,6,308.078125,2521.0
1785156781.5730946,15,309.6875,2587.75
1785156781.5730946,13,311.3125,2653.0
1785156781.5730946,15,312.96875,2685.5
1785156781.5730946,15,316.21875,2819.75
1785156781.5730946,15,319.59375,2426.75
1785156781.5730946,15,321.234375,2468.75
1785156781.5730946,15,322.859375,2482.0
1785156781.5730946,15,324.515625,2467.0
1785156781.5730946,15,326.15625,2456.25
1785156781.5730946,15,327.765625,2473.5
1785156781.794351,15,352.25,8176.25
1785156781.794351,15,353.90625,8031.5
1785156781.794351,15,355.546875,7934.5
1785156781.794351,15,358.84375,7293.5
1785156781.794351,15,0.484375,7224.5
1785156781.794351,15,2.125,7169.5
1785156781.794351,15,3.78125,7123.25
1785156781.794351,15,5.421875,7031.5
1785156781.794351,15,7.0625,6930.75
1785156781.794351,15,8.703125,6872.75
1785156781.794351,14,11.90625,8698.0
1785156781.794351,13,13.53125,8773.75
1785156781.794351,15,47.5625,107.0
1785156781.794351,15,50.484375,102.0
1785156781.794351,15,171.203125,1845.5
1785156781.794351,15,172.78125,1839.75
1785156781.794351,15,215.09375,3342.0
1785156781.794351,15,223.703125,1661.0
1785156781.794351,15,225.375,1648.0
1785156781.794351,15,226.984375,1643.75
1785156781.794351,14,236.46875,2406.0
1785156781.794351,15,238.15625,2357.0
1785156781.794351,15,239.78125,2319.25
1785156781.794351,15,241.40625,2300.25
1785156781.794351,15,243.078125,2275.5
1785156781.794351,11,244.6875,2248.25
1785156781.794351,12,257.828125,2084.0
1785156781.794351,15,259.515625,2073.75
1785156781.794351,15,261.140625,2062.5
1785156781.794351,15,262.78125,2060.25
1785156781.794351,15,264.421875,2062.5
1785156781.794351,15,266.046875,2059.75
1785156781.794351,15,267.65625,2053.0
1785156781.794351,15,269.296875,2045.5
1785156781.794351,15,270.96875,2041.5
1785156781.794351,14,272.609375,2040.75
1785156781.794351,14,274.25,2047.0
1785156781.794351,13,275.828125,2058.75
1785156781.794351,9,277.5,2073.0
1785156781.794351,15,293.796875,2257.0
1785156781.794351,15,295.40625,2268.25
1785156781.794351,15,297.015625,2296.25
1785156781.794351,6,298.734375,2337.5
1785156781.794351,15,300.359375,2378.5
1785156781.794351,9,302.015625,2419.75
1785156781.794351,10,303.625,2448.25
1785156781.794351,15,305.25,2476.5
1785156781.794351,7,306.875,2532.5
1785156781.794351,15,310.15625,2682.5
1785156781.794351,11,311.796875,2730.25
1785156781.794351,15,313.421875,2752.25
1785156781.794351,13,316.65625,2897.25
1785156781.794351,15,320.015625,2459.5
1785156781.794351,15,321.65625,2509.0
1785156781.794351,15,323.328125,2513.25
1785156781.794351,15,325.0,2499.5
1785156781.794351,15,326.640625,2492.25
1785156781.794351,15,328.296875,2498.25
1785156781.9101784,15,354.15625,8025.5
1785156781.9101784,15,355.8125,7909.25
1785156781.9101784,15,359.125,7480.5
1785156781.9101784,15,0.765625,7286.0
1785156781.9101784,15,2.40625,7185.5
1785156781.9101784,15,4.0625,7134.25
1785156781.9101784,15,5.703125,7060.5
1785156781.9101784,15,7.34375,6946.5
1785156781.9101784,15,8.984375,6860.0
1785156781.9101784,15,10.578125,6841.0
1785156781.9101784,15,13.8125,8779.75
1785156781.9101784,15,47.109375,106.5
1785156781.9101784,15,49.1875,104.75
1785156781.9101784,15,169.921875,1863.75
1785156781.9101784,15,171.59375,1830.75
1785156781.9101784,15,224.0,1666.5
1785156781.9101784,15,225.703125,1656.25
1785156781.9101784,15,227.34375,1651.25
1785156781.9101784,14,238.5,2346.0
1785156781.9101784,15,240.15625,2313.25
1785156781.9101784,15,241.8125,2279.5
1785156781.9101784,15,243.421875,2250.75
1785156781.9101784,13,256.5625,2072.25
1785156781.9101784,15,258.234375,2057.5
1785156781.9101784,15,259.84375,2049.0
1785156781.9101784,15,261.5,2039.25
1785156781.9101784,15,263.125,2035.25
1785156781.9101784,15,264.765625,2035.0
1785156781.9101784,15,266.4375,2033.5
1785156781.9101784,15,268.0625,2029.5
1785156781.9101784,15,269.6875,2027.5
1785156781.9101784,15,271.3125,2026.25
1785156781.9101784,15,272.96875,2027.25
1785156781.9101784,15,274.578125,2036.0
1785156781.9101784,11,276.21875,2043.25
1785156781.9101784,15,277.875,2047.75
1785156781.9101784,8,279.46875,2055.5
1785156781.9101784,15,295.8125,2267.75
1785156781.9101784,15,297.4375,2290.0
1785156781.9101784,10,299.125,2324.0
1785156781.9101784,15,300.765625,2368.75
1785156781.9101784,15,302.40625,2414.25
1785156781.9101784,8,304.03125,2441.5
1785156781.9101784,15,305.671875,2484.0
1785156781.9101784,7,307.28125,2541.25
1785156781.9101784,11,308.921875,2601.25
1785156781.9101784,12,310.546875,2670.25
1785156781.9101784,7,312.171875,2739.0
1785156781.9101784,15,313.78125,2767.5
1785156781.9101784,12,317.046875,2913.5
1785156781.9101784,15,322.0625,2527.75
1785156781.9101784,15,323.71875,2528.75
1785156781.9101784,15,325.359375,2515.5
1785156781.9101784,15,327.015625,2504.0
1785156781.9101784,15,328.625,2516.5
1785156782.020509,15,354.546875,8045.5
1785156782.020509,15,356.1875,7919.5
1785156782.020509,15,357.828125,7763.5
1785156782.020509,15,1.140625,7262.25
1785156782.020509,15,2.78125,7187.25
1785156782.020509,15,4.421875,7120.25
1785156782.020509,15,6.078125,7022.25
1785156782.020509,15,7.71875,6938.25
1785156782.020509,15,9.359375,6896.5
1785156782.020509,15,10.9375,6866.75
1785156782.020509,15,14.171875,8740.25
1785156782.020509,10,15.8125,8674.25
1785156782.020509,8,19.09375,8639.0
1785156782.020509,15,47.28125,106.5
1785156782.020509,15,171.953125,1841.5
1785156782.020509,15,175.25,1834.25
1785156782.020509,15,178.46875,2016.0
1785156782.020509,15,224.4375,1693.25
1785156782.020509,15,226.078125,1677.25
1785156782.020509,15,227.703125,1671.5
1785156782.020509,15,238.90625,2405.0
1785156782.020509,15,240.515625,2381.25
1785156782.020509,10,242.1875,2349.0
1785156782.020509,15,243.828125,2315.0
1785156782.020509,15,245.4375,2285.0
1785156782.020509,15,247.078125,2261.5
1785156782.020509,9,248.75,2235.75
1785156782.020509,10,261.953125,2088.25
1785156782.020509,15,263.578125,2079.0
1785156782.020509,15,265.234375,2072.0
1785156782.020509,15,266.84375,2069.0
1785156782.020509,15,268.46875,2061.75
1785156782.020509,10,270.15625,2058.75
1785156782.020509,14,271.78125,2054.5
1785156782.020509,11,273.40625,2053.25
1785156782.020509,14,276.625,2060.75
1785156782.020509,13,294.546875,2252.5
1785156782.020509,15,296.203125,2257.5
1785156782.020509,15,297.828125,2280.0
1785156782.020509,6,299.515625,2317.0
1785156782.020509,6,301.140625,2360.25
1785156782.020509,15,302.78125,2406.5
1785156782.020509,7,304.40625,2435.75
1785156782.020509,7,306.03125,2458.5
1785156782.020509,15,307.640625,2502.25
1785156782.020509,15,309.265625,2563.0
1785156782.020509,8,310.90625,2624.25
1785156782.020509,12,312.53125,2687.0
1785156782.020509,15,314.15625,2746.0
1785156782.020509,11,317.421875,2884.5
1785156782.020509,15,320.78125,2508.5
1785156782.020509,15,322.390625,2537.0
1785156782.020509,15,324.125,2541.0
1785156782.020509,15,325.765625,2532.0
1785156782.020509,15,327.4375,2521.25
1785156782.020509,15,329.046875,2532.75
1785156782.1325927,15,354.953125,8069.75
1785156782.1325927,15,356.59375,7974.0
1785156782.1325927,15,358.25,7852.75
1785156782.1325927,15,1.546875,7258.75
1785156782.1325927,15,3.1875,7192.0
1785156782.1325927,15,4.84375,7109.25
1785156782.1325927,15,6.484375,7049.5
1785156782.1325927,15,8.125,6984.0
1785156782.1325927,15,9.78125,6888.75
1785156782.1325927,8,11.328125,6837.0
1785156782.1325927,14,14.5625,8745.5
1785156782.1325927,12,16.203125,8708.25
1785156782.1325927,15,48.359375,106.0
1785156782.1325927,15,172.4375,1842.5
1785156782.1325927,15,174.078125,1813.25
1785156782.1325927,15,177.359375,1832.75
1785156782.1325927,15,216.34375,3325.25
1785156782.1325927,10,217.96875,3232.5
1785156782.1325927,15,226.59375,1685.25
1785156782.1325927,15,232.828125,2541.25
1785156782.1325927,10,239.390625,2384.25
1785156782.1325927,15,241.03125,2363.0
1785156782.1325927,15,242.671875,2336.75
1785156782.1325927,15,244.359375,2303.5
1785156782.1325927,15,245.984375,2276.5
1785156782.1325927,15,247.609375,2257.5
1785156782.1325927,9,249.296875,2237.5
1785156782.1325927,8,290.0625,2235.0
1785156782.1325927,15,291.703125,2252.25
1785156782.1325927,15,293.34375,2276.25
1785156782.1325927,15,294.96875,2303.25
1785156782.1325927,5,296.59375,2328.25
1785156782.1325927,5,298.234375,2361.75
1785156782.1325927,15,299.984375,2404.5
1785156782.1325927,10,301.609375,2435.75
1785156782.1325927,10,303.234375,2459.25
1785156782.1325927,9,304.84375,2502.75
1785156782.1325927,15,306.46875,2544.5
1785156782.1325927,15,309.75,2672.0
1785156782.1325927,12,311.375,2729.75
1785156782.1325927,15,313.0,2793.75
1785156782.1325927,14,314.640625,2805.75
1785156782.1325927,10,317.921875,2961.25
1785156782.1325927,15,321.28125,2514.75
1785156782.1325927,15,322.953125,2549.25
1785156782.1325927,15,324.625,2560.0
1785156782.1325927,15,326.265625,2554.5
1785156782.1325927,15,327.9375,2539.0
1785156782.1325927,15,329.578125,2550.75
1785156782.2464519,15,355.390625,8033.5
1785156782.2464519,15,357.03125,7924.75
1785156782.2464519,15,358.671875,7806.75
1785156782.2464519,15,1.953125,7258.75
1785156782.2464519,15,3.609375,7200.0
1785156782.2464519,15,5.25,7134.25
1785156782.2464519,15,6.890625,7056.0
1785156782.2464519,15,8.53125,6980.5
1785156782.2464519,15,10.1875,6914.25
1785156782.2464519,15,11.78125,6847.75
1785156782.2464519,15,15.015625,8789.25
1785156782.2464519,9,16.65625,8764.5
1785156782.2464519,8,19.921875,8655.75
1785156782.2464519,15,46.3125,107.5
1785156782.2464519,15,48.953125,105.25
1785156782.2464519,15,172.75,1831.25
1785156782.2464519,15,174.421875,1795.75
1785156782.2464519,11,176.078125,1785.0
1785156782.2464519,15,177.71875,1801.0
1785156782.2464519,15,180.875,2027.25
1785156782.2464519,15,219.9375,3180.75
1785156782.2464519,15,226.90625,1710.0
1785156782.2464519,15,228.546875,1693.25
1785156782.2464519,15,234.828125,2515.5
1785156782.2464519,14,241.421875,2362.75
1785156782.2464519,15,243.078125,2331.75
1785156782.2464519,15,244.6875,2306.25
1785156782.2464519,15,246.390625,2277.0
1785156782.2464519,10,248.0,2249.5
1785156782.2464519,9,262.75,2098.0
1785156782.2464519,10,264.390625,2086.0
1785156782.2464519,13,266.0,2080.75
1785156782.2464519,11,267.65625,2078.75
1785156782.2464519,9,269.28125,2073.25
1785156782.2464519,8,270.921875,2071.0
1785156782.2464519,10,272.59375,2070.25
1785156782.2464519,8,275.765625,2075.5
1785156782.2464519,15,293.6875,2254.25
1785156782.2464519,15,295.328125,2268.75
1785156782.2464519,15,296.953125,2298.25
1785156782.2464519,8,298.671875,2334.75
1785156782.2464519,15,300.3125,2377.0
1785156782.2464519,15,301.921875,2415.5
1785156782.2464519,9,303.578125,2444.0
1785156782.2464519,15,305.1875,2479.0
1785156782.2464519,10,306.84375,2522.25
1785156782.2464519,11,308.46875,2579.25
1785156782.2464519,7,310.09375,2642.25
1785156782.2464519,15,313.34375,2795.0
1785156782.2464519,15,314.984375,2816.25
1785156782.2464519,9,318.234375,2973.75
1785156782.2464519,15,321.59375,2529.25
1785156782.2464519,15,323.25,2561.5
1785156782.2464519,15,324.890625,2577.25
1785156782.2464519,15,326.5625,2570.25
1785156782.2464519,15,328.203125,2553.75
1785156782.2464519,15,329.828125,2568.25
1785156782.3586135,15,355.671875,8039.5
1785156782.3586135,15,357.3125,7948.0
1785156782.3586135,15,358.96875,7833.75
1785156782.3586135,15,2.25,7249.0
1785156782.3586135,15,3.890625,7192.0
1785156782.3586135,15,5.53125,7142.25
1785156782.3586135,15,7.171875,7073.25
1785156782.3586135,15,8.8125,6997.25
1785156782.3586135,15,10.421875,6916.25
1785156782.3586135,13,12.0625,6826.0
1785156782.3586135,10,15.28125,8800.25
1785156782.3586135,15,16.921875,8766.5
1785156782.3586135,15,47.765625,106.75
1785156782.3586135,15,48.625,104.75
1785156782.3586135,14,51.0,101.75
1785156782.3586135,15,173.125,1838.25
1785156782.3586135,15,174.734375,1804.5
1785156782.3586135,15,179.6875,1814.0
1785156782.3586135,15,182.890625,2033.0
1785156782.3586135,11,220.296875,3220.0
1785156782.3586135,15,228.859375,1709.75
1785156782.3586135,15,230.53125,1702.75
1785156782.3586135,15,241.734375,2417.5
1785156782.3586135,15,243.390625,2388.75
1785156782.3586135,15,245.03125,2353.75
1785156782.3586135,15,246.65625,2323.5
1785156782.3586135,15,248.3125,2297.5
1785156782.3586135,15,249.9375,2270.75
1785156782.3586135,13,251.59375,2251.5
1785156782.3586135,8,253.265625,2231.0
1785156782.3586135,7,284.328125,2228.0
1785156782.3586135,11,285.96875,2247.75
1785156782.3586135,13,287.5625,2259.0
1785156782.3586135,15,289.234375,2264.25
1785156782.3586135,15,290.859375,2273.0
1785156782.3586135,11,292.46875,2303.0
1785156782.3586135,6,294.125,2336.0
1785156782.3586135,5,295.734375,2359.0
1785156782.3586135,15,297.328125,2393.75
1785156782.3586135,15,299.09375,2422.0
1785156782.3586135,8,300.703125,2441.25
1785156782.3586135,15,302.375,2473.25
1785156782.3586135,11,304.0,2515.25
1785156782.3586135,8,305.609375,2549.0
1785156782.3586135,15,307.234375,2583.5
1785156782.3586135,10,308.875,2638.75
1785156782.3586135,10,310.5,2704.5
1785156782.3586135,7,312.15625,2760.0
1785156782.3586135,15,315.421875,2852.0
1785156782.3586135,15,318.6875,3000.0
1785156782.3586135,15,322.046875,2549.25
1785156782.3586135,15,323.671875,2584.5
1785156782.3586135,15,325.3125,2597.0
1785156782.3586135,15,326.953125,2586.75
1785156782.3586135,15,328.578125,2572.0
1785156782.3586135,15,330.234375,2596.5
1785156782.4706616,15,356.140625,8069.75
1785156782.4706616,15,357.765625,7964.0
1785156782.4706616,15,359.40625,7835.5
1785156782.4706616,15,2.71875,7272.0
1785156782.4706616,15,4.359375,7195.25
1785156782.4706616,15,6.0,7131.25
1785156782.4706616,15,7.640625,7071.5
1785156782.4706616,15,9.28125,6987.0
1785156782.4706616,15,10.890625,6909.75
1785156782.4706616,15,15.75,8790.75
1785156782.4706616,15,17.390625,8752.25
1785156782.4706616,15,47.078125,106.5
1785156782.4706616,15,175.25,1804.75
1785156782.4706616,15,176.90625,1782.5
1785156782.4706616,15,178.53125,1786.5
1785156782.4706616,15,180.203125,1799.75
1785156782.4706616,15,183.40625,2022.0
1785156782.4706616,15,219.171875,3373.75
1785156782.4706616,15,229.390625,1735.5
1785156782.4706616,15,235.625,2556.25
1785156782.4706616,9,242.234375,2386.5
1785156782.4706616,10,243.890625,2358.25
1785156782.4706616,10,245.515625,2322.5
1785156782.4706616,15,247.15625,2294.0
1785156782.4706616,15,248.796875,2260.75
1785156782.4706616,12,250.46875,2235.75
1785156782.4706616,15,291.40625,2245.75
1785156782.4706616,15,293.03125,2270.25
1785156782.4706616,15,294.625,2299.25
1785156782.4706616,4,296.296875,2333.0
1785156782.4706616,15,297.921875,2372.75
1785156782.4706616,15,299.59375,2407.75
1785156782.4706616,11,301.234375,2433.0
1785156782.4706616,15,302.875,2462.25
1785156782.4706616,15,304.5,2502.75
1785156782.4706616,6,306.140625,2537.25
1785156782.4706616,15,307.78125,2573.5
1785156782.4706616,8,309.390625,2633.0
1785156782.4706616,15,311.03125,2701.75
1785156782.4706616,15,312.671875,2777.5
1785156782.4706616,8,314.296875,2851.5
1785156782.4706616,15,315.9375,2862.75
1785156782.4706616,15,320.921875,2538.75
1785156782.4706616,15,322.5625,2580.25
1785156782.4706616,15,324.1875,2599.25
1785156782.4706616,15,325.8125,2603.75
1785156782.4706616,15,327.46875,2599.0
1785156782.4706616,15,329.125,2588.75
1785156782.4706616,15,330.71875,2611.75
1785156782.5835323,15,356.640625,7986.75
1785156782.5835323,15,358.28125,7907.5
1785156782.5835323,15,359.921875,7816.75
1785156782.5835323,15,3.21875,7250.5
1785156782.5835323,15,4.875,7168.5
1785156782.5835323,15,6.5,7143.75
1785156782.5835323,15,8.15625,7068.5
1785156782.5835323,15,9.796875,6964.0
1785156782.5835323,15,11.34375,6874.0
1785156782.5835323,15,12.984375,6806.75
1785156782.5835323,12,16.203125,8752.75
1785156782.5835323,15,17.84375,8740.25
1785156782.5835323,15,48.109375,106.0
1785156782.5835323,15,175.671875,1818.5
1785156782.5835323,15,177.296875,1789.0
1785156782.5835323,15,185.421875,2034.75
1785156782.5835323,15,222.890625,3198.0
1785156782.5835323,15,231.4375,1738.75
1785156782.5835323,15,233.09375,1744.25
1785156782.5835323,11,244.3125,2438.5
1785156782.5835323,15,245.96875,2408.5
1785156782.5835323,15,247.609375,2364.5
1785156782.5835323,11,249.25,2330.5
1785156782.5835323,15,250.859375,2296.5
1785156782.5835323,15,252.5,2266.5
1785156782.5835323,15,254.125,2254.5
1785156782.5835323,10,255.78125,2238.75
1785156782.5835323,9,285.234375,2234.25
1785156782.5835323,15,286.875,2251.25
1785156782.5835323,15,288.5,2265.25
1785156782.5835323,11,290.109375,2275.25
1785156782.5835323,15,291.78125,2296.5
1785156782.5835323,6,293.375,2331.25
1785156782.5835323,15,295.015625,2366.0
1785156782.5835323,15,296.640625,2404.0
1785156782.5835323,9,298.28125,2432.75
1785156782.5835323,9,299.96875,2449.0
1785156782.5835323,15,301.625,2482.75
1785156782.5835323,11,303.234375,2525.5
1785156782.5835323,10,304.875,2562.5
1785156782.5835323,15,306.484375,2600.75
1785156782.5835323,11,308.171875,2631.5
1785156782.5835323,14,311.375,2779.25
1785156782.5835323,15,314.671875,2936.25
1785156782.5835323,10,316.296875,2986.25
1785156782.5835323,15,317.921875,3056.75
1785156782.5835323,15,321.3125,2555.0
1785156782.5835323,15,322.96875,2591.25
1785156782.5835323,15,324.578125,2611.25
1785156782.5835323,15,326.25,2618.0
1785156782.5835323,15,327.859375,2612.5
1785156782.5835323,15,329.515625,2604.25
1785156782.5835323,15,331.171875,2629.25
1785156782.806816,15,357.640625,8075.75
1785156782.806816,15,359.28125,7982.0
1785156782.806816,15,0.9375,7854.75
1785156782.806816,15,4.25,7270.5
1785156782.806816,15,5.890625,7170.25
1785156782.806816,15,7.546875,7120.5
1785156782.806816,15,9.1875,7068.5
1785156782.806816,15,10.71875,6962.75
1785156782.806816,15,12.359375,6880.25
1785156782.806816,15,13.984375,6816.0
1785156782.806816,15,17.21875,8752.25
1785156782.806816,15,18.859375,8735.5
1785156782.806816,15,46.609375,106.5
1785156782.806816,14,52.125,101.5
1785156782.806816,7,159.625,14253.25
1785156782.806816,15,176.78125,1844.0
1785156782.806816,15,178.390625,1796.75
1785156782.806816,15,180.03125,1773.5
1785156782.806816,8,181.65625,1769.0
1785156782.806816,15,232.390625,1800.0
1785156782.806816,15,237.078125,2609.5
1785156782.806816,13,238.703125,2574.25
1785156782.806816,14,245.28125,2429.25
1785156782.806816,15,246.921875,2419.5
1785156782.806816,15,248.5625,2385.0
1785156782.806816,15,250.21875,2348.5
1785156782.806816,15,251.859375,2312.75
1785156782.806816,15,253.515625,2286.75
1785156782.806816,15,255.15625,2270.5
1785156782.806816,15,256.796875,2255.75
1785156782.806816,14,258.453125,2244.75
1785156782.806816,14,260.09375,2233.25
1785156782.806816,8,261.71875,2222.5
1785156782.806816,8,278.015625,2229.5
1785156782.806816,15,281.296875,2250.5
1785156782.806816,15,282.90625,2257.75
1785156782.806816,15,284.53125,2260.25
1785156782.806816,15,286.140625,2276.0
1785156782.806816,15,287.8125,2304.0
1785156782.806816,4,289.421875,2328.75
1785156782.806816,4,291.046875,2346.5
1785156782.806816,6,292.671875,2367.0
1785156782.806816,15,294.3125,2402.5
1785156782.806816,8,295.921875,2432.5
1785156782.806816,8,297.578125,2447.5
1785156782.806816,15,299.28125,2477.5
1785156782.806816,14,300.921875,2507.5
1785156782.806816,6,302.546875,2536.75
1785156782.806816,15,304.1875,2579.75
1785156782.806816,15,305.78125,2621.5
1785156782.806816,15,307.4375,2666.0
1785156782.806816,9,309.078125,2712.0
1785156782.806816,15,310.703125,2772.25
1785156782.806816,15,313.9375,2960.25
1785156782.806816,15,315.578125,2989.0
1785156782.806816,15,318.828125,3135.5
1785156782.806816,15,322.203125,2584.5
1785156782.806816,15,323.890625,2624.0
1785156782.806816,15,325.53125,2639.75
1785156782.806816,15,327.203125,2641.25
1785156782.806816,15,328.859375,2633.5
1785156782.806816,15,330.484375,2628.5
1785156782.806816,9,332.109375,2665.0
1785156782.92175,15,357.984375,8084.25
1785156782.92175,15,359.625,7974.0
1785156782.92175,15,1.28125,7868.0
1785156782.92175,15,4.5625,7263.75
1785156782.92175,15,6.21875,7193.5
1785156782.92175,15,7.859375,7153.25
1785156782.92175,15,9.5,7095.0
1785156782.92175,15,11.09375,6960.0
1785156782.92175,15,12.734375,6863.5
1785156782.92175,15,14.375,6839.0
1785156782.92175,15,19.234375,8771.25
1785156782.92175,7,22.5,8707.75
1785156782.92175,15,46.828125,106.0
1785156782.92175,9,159.984375,14336.0
1785156782.92175,15,178.734375,1805.5
1785156782.92175,15,180.359375,1774.75
1785156782.92175,15,181.984375,1767.25
1785156782.92175,15,185.203125,1780.5
1785156782.92175,15,188.40625,2013.75
1785156782.92175,15,234.375,1789.25
1785156782.92175,15,240.65625,2626.75
1785156782.92175,12,247.234375,2480.75
1785156782.92175,15,248.859375,2457.25
1785156782.92175,15,250.546875,2433.0
1785156782.92175,8,252.171875,2399.5
1785156782.92175,12,253.78125,2372.75
1785156782.92175,10,255.46875,2346.5
1785156782.92175,15,257.09375,2327.75
1785156782.92175,15,258.71875,2305.0
1785156782.92175,15,260.359375,2283.0
1785156782.92175,15,262.03125,2271.0
1785156782.92175,15,263.671875,2261.0
1785156782.92175,15,265.3125,2256.75
1785156782.92175,15,266.90625,2255.5
1785156782.92175,15,268.546875,2252.75
1785156782.92175,15,270.234375,2253.5
1785156782.92175,15,271.84375,2255.0
1785156782.92175,15,273.46875,2256.0
1785156782.92175,15,275.03125,2257.0
1785156782.92175,14,276.671875,2255.75
1785156782.92175,15,278.3125,2256.25
1785156782.92175,15,279.953125,2258.5
1785156782.92175,15,281.59375,2262.75
1785156782.92175,15,283.203125,2274.25
1785156782.92175,14,284.8125,2286.25
1785156782.92175,15,286.46875,2303.0
1785156782.92175,4,288.078125,2332.75
1785156782.92175,15,289.6875,2362.25
1785156782.92175,15,291.34375,2384.25
1785156782.92175,15,292.953125,2402.25
1785156782.92175,15,294.59375,2421.25
1785156782.92175,10,296.234375,2438.5
1785156782.92175,15,297.859375,2457.0
1785156782.92175,15,299.578125,2485.0
1785156782.92175,14,301.234375,2513.25
1785156782.92175,6,302.859375,2542.5
1785156782.92175,15,304.515625,2579.25
1785156782.92175,9,306.109375,2621.0
1785156782.92175,13,307.734375,2671.25
1785156782.92175,12,309.40625,2705.0
1785156782.92175,10,312.640625,2862.5
1785156782.92175,14,314.265625,2934.75
1785156782.92175,15,315.90625,2996.5
1785156782.92175,15,317.53125,3055.25
1785156782.92175,15,319.171875,3134.25
1785156782.92175,15,322.59375,2598.25
1785156782.92175,15,324.25,2643.0
1785156782.92175,15,325.875,2657.75
1785156782.92175,15,327.515625,2658.25
1785156782.92175,15,329.15625,2647.0
1785156782.92175,15,330.8125,2643.25
1785156783.0332513,15,358.296875,8084.0
1785156783.0332513,15,359.9375,7984.0
1785156783.0332513,15,1.578125,7856.5
1785156783.0332513,15,4.859375,7262.0
1785156783.0332513,15,6.515625,7181.75
1785156783.0332513,15,8.15625,7138.25
1785156783.0332513,15,9.796875,7098.25
1785156783.0332513,15,11.375,7011.25
1785156783.0332513,15,13.015625,6910.25
1785156783.0332513,15,14.640625,6818.75
1785156783.0332513,15,16.296875,6772.5
1785156783.0332513,15,19.5,8731.25
1785156783.0332513,15,46.484375,108.25
1785156783.0332513,15,47.421875,105.5
1785156783.0332513,15,180.53125,1783.0
1785156783.0332513,15,182.140625,1759.75
1785156783.0332513,15,187.046875,1778.5
1785156783.0332513,15,190.203125,2052.75
1785156783.0332513,15,225.953125,3365.75
1785156783.0332513,15,234.484375,1822.0
1785156783.0332513,15,236.171875,1799.0
1785156783.0332513,15,247.34375,2548.25
1785156783.0332513,15,248.984375,2531.75
1785156783.0332513,15,250.671875,2502.25
1785156783.0332513,14,252.296875,2473.0
1785156783.0332513,10,253.953125,2447.75
1785156783.0332513,15,255.546875,2430.5
1785156783.0332513,15,257.21875,2405.75
1785156783.0332513,9,258.84375,2375.5
1785156783.0332513,10,260.484375,2352.0
1785156783.0332513,11,262.125,2332.75
1785156783.0332513,9,263.765625,2320.25
1785156783.0332513,15,265.4375,2313.5
1785156783.0332513,15,267.0625,2303.5
1785156783.0332513,15,268.71875,2298.25
1785156783.0332513,15,270.328125,2298.25
1785156783.0332513,15,271.953125,2299.5
1785156783.0332513,15,273.625,2298.75
1785156783.0332513,15,275.203125,2297.25
1785156783.0332513,15,276.859375,2297.25
1785156783.0332513,15,278.484375,2301.5
1785156783.0332513,15,280.125,2305.75
1785156783.0332513,15,281.734375,2312.0
1785156783.0332513,5,283.375,2329.5
1785156783.0332513,8,285.0,2346.75
1785156783.0332513,11,286.609375,2355.75
1785156783.0332513,15,288.265625,2380.0
1785156783.0332513,15,289.859375,2406.25
1785156783.0332513,15,291.5,2418.75
1785156783.0332513,15,293.140625,2430.25
1785156783.0332513,9,294.765625,2441.25
1785156783.0332513,6,296.40625,2459.75
1785156783.0332513,15,298.046875,2489.0
1785156783.0332513,15,299.78125,2516.25
1785156783.0332513,8,301.453125,2538.75
1785156783.0332513,15,303.09375,2569.25
1785156783.0332513,15,304.6875,2609.25
1785156783.0332513,10,306.328125,2643.75
1785156783.0332513,14,307.96875,2679.0
1785156783.0332513,15,309.625,2712.25
1785156783.0332513,9,311.25,2760.0
1785156783.0332513,11,312.875,2835.5
1785156783.0332513,15,314.484375,2917.5
1785156783.0332513,14,316.140625,2976.75
1785156783.0332513,15,322.765625,2612.5
1785156783.0332513,15,324.421875,2653.75
1785156783.0332513,15,326.046875,2660.25
1785156783.0332513,15,327.6875,2656.0
1785156783.0332513,15,329.3125,2654.25
1785156783.0332513,15,330.96875,2658.0
1785156783.259112,15,358.953125,8113.0
1785156783.259112,15,0.59375,8003.5
1785156783.259112,15,2.25,7891.5
1785156783.259112,15,5.546875,7288.5
1785156783.259112,15,7.171875,7214.75
1785156783.259112,15,8.828125,7153.5
1785156783.259112,15,10.453125,7076.25
1785156783.259112,15,12.09375,7002.0
1785156783.259112,15,13.734375,6925.0
1785156783.259112,15,15.375,6827.75
1785156783.259112,15,20.25,8759.25
1785156783.259112,15,46.578125,106.75
1785156783.259112,15,48.765625,104.75
1785156783.259112,15,51.1875,102.0
1785156783.259112,15,181.375,1804.75
1785156783.259112,15,183.0,1769.75
1785156783.259112,15,184.625,1749.75
1785156783.259112,15,186.3125,1747.25
1785156783.259112,15,189.515625,1776.5
1785156783.259112,15,192.703125,2067.0
1785156783.259112,15,225.203125,3574.75
1785156783.259112,15,236.953125,1853.75
1785156783.259112,11,241.640625,2693.5
1785156783.259112,15,243.28125,2664.25
1785156783.259112,15,249.875,2531.75
1785156783.259112,15,251.5,2506.5
1785156783.259112,13,253.171875,2483.25
1785156783.259112,14,254.796875,2457.5
1785156783.259112,13,256.453125,2441.25
1785156783.259112,15,258.0625,2426.25
1785156783.259112,8,259.71875,2393.75
1785156783.259112,9,261.375,2366.0
1785156783.259112,6,263.03125,2353.5
1785156783.259112,11,264.65625,2342.75
1785156783.259112,10,266.28125,2334.0
1785156783.259112,15,267.90625,2327.0
1785156783.259112,15,269.546875,2324.0
1785156783.259112,11,271.203125,2322.25
1785156783.259112,8,272.859375,2322.5
1785156783.259112,11,274.453125,2323.0
1785156783.259112,10,276.125,2325.75
1785156783.259112,15,277.734375,2324.75
1785156783.259112,14,279.375,2322.75
1785156783.259112,14,281.03125,2327.75
1785156783.259112,5,282.625,2343.0
1785156783.259112,7,284.265625,2353.25
1785156783.259112,5,285.90625,2363.5
1785156783.259112,15,287.546875,2392.5
1785156783.259112,15,289.1875,2418.5
1785156783.259112,14,290.8125,2428.75
1785156783.259112,8,292.46875,2436.0
1785156783.259112,8,294.078125,2448.75
1785156783.259112,15,295.71875,2477.0
1785156783.259112,11,297.328125,2517.0
1785156783.259112,7,299.0625,2543.0
1785156783.259112,15,300.65625,2564.25
1785156783.259112,15,302.296875,2598.25
1785156783.259112,10,303.953125,2632.5
1785156783.259112,15,305.5625,2662.75
1785156783.259112,15,307.203125,2703.75
1785156783.259112,7,308.828125,2747.5
1785156783.259112,10,310.46875,2791.0
1785156783.259112,11,313.71875,2947.75
1785156783.259112,7,315.34375,3017.75
1785156783.259112,15,317.0,3052.5
1785156783.259112,10,320.265625,3183.5
1785156783.259112,15,323.609375,2651.25
1785156783.259112,15,325.25,2699.5
1785156783.259112,15,326.921875,2711.5
1785156783.259112,15,328.546875,2702.0
1785156783.259112,15,330.1875,2683.0
1785156783.259112,15,331.8125,2684.75
1785156783.3699121,15,359.375,8096.5
1785156783.3699121,15,1.015625,8025.25
1785156783.3699121,15,2.65625,7907.75
1785156783.3699121,15,5.96875,7270.25
1785156783.3699121,15,7.609375,7216.25
1785156783.3699121,15,9.234375,7163.0
1785156783.3699121,15,10.875,7093.5
1785156783.3699121,15,12.53125,7009.75
1785156783.3699121,15,14.171875,6900.0
1785156783.3699121,15,15.8125,6787.0
1785156783.3699121,15,19.03125,8762.75
1785156783.3699121,15,20.6875,8730.75
1785156783.3699121,15,47.515625,106.25
1785156783.3699121,15,183.421875,1778.25
1785156783.3699121,15,185.015625,1749.0
1785156783.3699121,15,186.640625,1748.0
1785156783.3699121,15,189.921875,1767.5
1785156783.3699121,15,193.125,1976.25
1785156783.3699121,14,243.6875,2652.0
1785156783.3699121,14,250.234375,2535.25
1785156783.3699121,15,251.90625,2521.25
1785156783.3699121,15,253.515625,2502.5
1785156783.3699121,14,255.171875,2471.75
1785156783.3699121,14,256.84375,2446.75
1785156783.3699121,15,258.453125,2431.5
1785156783.3699121,15,260.109375,2413.0
1785156783.3699121,8,261.71875,2392.0
1785156783.3699121,8,263.40625,2372.0
1785156783.3699121,13,265.015625,2359.0
1785156783.3699121,11,266.65625,2347.25
1785156783.3699121,11,268.296875,2342.75
1785156783.3699121,10,269.9375,2345.0
1785156783.3699121,11,271.59375,2344.75
1785156783.3699121,10,273.21875,2348.0
1785156783.3699121,8,274.828125,2352.75
1785156783.3699121,10,276.46875,2359.5
1785156783.3699121,15,278.0625,2370.75
1785156783.3699121,7,279.71875,2380.5
1785156783.3699121,15,281.328125,2394.5
1785156783.3699121,15,282.953125,2410.0
1785156783.3699121,15,284.59375,2417.25
1785156783.3699121,15,286.25,2426.0
1785156783.3699121,8,287.84375,2437.25
1785156783.3699121,15,289.46875,2453.75
1785156783.3699121,15,291.140625,2473.5
1785156783.3699121,14,292.734375,2488.75
1785156783.3699121,15,294.375,2501.25
1785156783.3699121,15,296.0,2517.25
1785156783.3699121,9,297.625,2539.0
1785156783.3699121,5,299.328125,2558.75
1785156783.3699121,15,300.953125,2586.25
1785156783.3699121,14,302.546875,2611.25
1785156783.3699121,9,304.203125,2637.0
1785156783.3699121,15,305.84375,2670.75
1785156783.3699121,15,307.453125,2711.5
1785156783.3699121,7,309.09375,2756.5
1785156783.3699121,11,310.71875,2791.5
1785156783.3699121,14,313.953125,2953.75
1785156783.3699121,12,315.59375,3021.25
1785156783.3699121,15,317.234375,3073.25
1785156783.3699121,13,318.828125,3120.75
1785156783.3699121,8,320.46875,3185.0
1785156783.3699121,15,323.921875,2667.5
1785156783.3699121,15,325.546875,2716.75
1785156783.3699121,15,327.171875,2727.5
1785156783.3699121,15,328.828125,2713.25
1785156783.3699121,15,330.453125,2695.75
1785156783.3699121,15,332.078125,2696.25
1785156783.5963478,15,1.375,8054.5
1785156783.5963478,15,3.0,7962.0
1785156783.5963478,15,6.296875,7276.0
1785156783.5963478,15,7.953125,7224.75
1785156783.5963478,15,9.578125,7177.0
1785156783.5963478,15,11.15625,7111.0
1785156783.5963478,15,12.78125,7014.75
1785156783.5963478,15,14.421875,6926.0
1785156783.5963478,15,16.078125,6826.0
1785156783.5963478,14,19.296875,8814.75
1785156783.5963478,15,20.921875,8745.25
1785156783.5963478,15,48.390625,106.0
1785156783.5963478,7,164.796875,14425.5
1785156783.5963478,15,185.140625,1791.5
1785156783.5963478,15,188.421875,1754.75
1785156783.5963478,15,196.4375,2076.0
1785156783.5963478,15,228.859375,3365.5
1785156783.5963478,12,245.328125,2725.0
1785156783.5963478,15,250.265625,2660.25
1785156783.5963478,15,251.9375,2610.25
1785156783.5963478,15,253.546875,2582.75
1785156783.5963478,15,255.21875,2550.0
1785156783.5963478,15,256.84375,2525.5
1785156783.5963478,15,258.46875,2506.75
1785156783.5963478,11,260.109375,2478.75
1785156783.5963478,11,261.765625,2453.5
1785156783.5963478,15,263.40625,2443.5
1785156783.5963478,15,265.046875,2433.75
1785156783.5963478,15,266.6875,2419.25
1785156783.5963478,15,268.3125,2403.75
1785156783.5963478,7,269.9375,2392.0
1785156783.5963478,15,271.59375,2393.0
1785156783.5963478,15,273.21875,2398.0
1785156783.5963478,15,274.8125,2399.75
1785156783.5963478,15,276.453125,2397.5
1785156783.5963478,15,278.046875,2396.5
1785156783.5963478,15,279.71875,2399.0
1785156783.5963478,15,281.328125,2405.75
1785156783.5963478,15,282.953125,2414.25
1785156783.5963478,15,284.59375,2420.5
1785156783.5963478,9,286.21875,2427.25
1785156783.5963478,7,287.828125,2435.75
1785156783.5963478,10,289.453125,2451.5
1785156783.5963478,15,291.09375,2483.75
1785156783.5963478,15,292.6875,2502.5
1785156783.5963478,13,294.34375,2514.25
1785156783.5963478,7,295.984375,2540.25
1785156783.5963478,15,297.578125,2566.0
1785156783.5963478,13,299.34375,2597.5
1785156783.5963478,7,300.953125,2623.75
1785156783.5963478,15,302.609375,2655.5
1785156783.5963478,15,304.21875,2692.0
1785156783.5963478,9,305.859375,2730.25
1785156783.5963478,9,307.484375,2782.5
1785156783.5963478,14,309.109375,2836.0
1785156783.5963478,11,310.765625,2880.0
1785156783.5963478,14,312.375,2942.0
1785156783.5963478,5,314.015625,3024.75
1785156783.5963478,13,315.609375,3089.75
1785156783.5963478,12,317.265625,3139.75
1785156783.5963478,15,318.875,3211.0
1785156783.5963478,15,323.96875,2686.75
1785156783.5963478,15,325.5625,2735.0
1785156783.5963478,15,327.21875,2745.5
1785156783.5963478,15,328.84375,2731.0
1785156783.5963478,15,330.5,2722.5
1785156783.5963478,15,332.140625,2722.25
1785156783.5963478,14,333.796875,2772.5
1785156783.708165,15,1.28125,8073.0
1785156783.708165,15,2.9375,8011.5
1785156783.708165,15,4.578125,7855.75
1785156783.708165,15,7.875,7235.0
1785156783.708165,15,9.515625,7182.75
1785156783.708165,15,11.046875,7125.75
1785156783.708165,15,12.6875,7037.75
1785156783.708165,15,14.3125,6932.5
1785156783.708165,15,15.953125,6866.75
1785156783.708165,15,17.59375,6807.25
1785156783.708165,13,20.796875,8736.75
1785156783.708165,15,22.4375,8690.5
1785156783.708165,15,47.328125,106.25
1785156783.708165,8,166.34375,14497.0
1785156783.708165,15,185.0625,1830.75
1785156783.708165,10,186.703125,1795.75
1785156783.708165,13,188.3125,1773.5
1785156783.708165,15,189.984375,1745.0
1785156783.708165,15,196.421875,2020.75
1785156783.708165,15,227.203125,3531.5
1785156783.708165,15,230.515625,3308.75
1785156783.708165,15,232.171875,3224.75
1785156783.708165,12,242.03125,2823.25
1785156783.708165,15,243.671875,2765.5
1785156783.708165,10,245.34375,2722.0
1785156783.708165,12,246.984375,2672.5
1785156783.708165,15,253.515625,2544.25
1785156783.708165,15,255.15625,2524.75
1785156783.708165,15,256.796875,2500.75
1785156783.708165,10,258.421875,2479.0
1785156783.708165,10,260.0625,2455.0
1785156783.708165,12,261.71875,2443.5
1785156783.708165,15,263.34375,2442.0
1785156783.708165,15,264.96875,2432.25
1785156783.708165,15,266.625,2418.25
1785156783.708165,15,268.265625,2404.0
1785156783.708165,15,269.875,2394.5
1785156783.708165,15,271.5,2394.0
1785156783.708165,5,273.15625,2391.75
1785156783.708165,15,274.78125,2394.5
1785156783.708165,15,276.4375,2399.75
1785156783.708165,15,278.046875,2399.25
1785156783.708165,15,279.671875,2409.0
1785156783.708165,15,281.328125,2414.75
1785156783.708165,15,282.96875,2414.75
1785156783.708165,15,284.578125,2421.0
1785156783.708165,11,286.234375,2428.25
1785156783.708165,10,287.84375,2436.75
1785156783.708165,9,289.484375,2449.75
1785156783.708165,8,291.078125,2465.0
1785156783.708165,15,292.734375,2484.0
1785156783.708165,15,294.34375,2510.25
1785156783.708165,15,295.984375,2522.25
1785156783.708165,8,297.609375,2538.75
1785156783.708165,15,299.34375,2570.75
1785156783.708165,14,300.984375,2597.0
1785156783.708165,9,302.609375,2630.75
1785156783.708165,15,304.28125,2676.75
1785156783.708165,15,305.890625,2712.5
1785156783.708165,8,307.53125,2748.75
1785156783.708165,10,309.171875,2787.0
1785156783.708165,15,312.40625,2939.0
1785156783.708165,5,314.03125,3020.75
1785156783.708165,11,315.6875,3087.5
1785156783.708165,15,317.3125,3115.0
1785156783.708165,15,324.015625,2697.25
1785156783.708165,15,325.625,2747.0
1785156783.708165,15,327.28125,2780.0
1785156783.708165,15,328.921875,2768.25
1785156783.708165,15,330.5625,2744.0
1785156783.708165,15,332.234375,2731.0
1785156783.708165,15,333.859375,2771.75
1785156783.934373,15,1.4375,8124.75
1785156783.934373,15,3.09375,8038.0
1785156783.934373,15,4.734375,7953.75
1785156783.934373,15,8.015625,7259.75
1785156783.934373,15,9.65625,7210.25
1785156783.934373,15,11.265625,7158.75
1785156783.934373,15,12.890625,7077.5
1785156783.934373,15,14.546875,6975.5
1785156783.934373,15,16.1875,6871.75
1785156783.934373,15,17.828125,6792.5
1785156783.934373,10,21.046875,8805.5
1785156783.934373,10,22.671875,8702.5
1785156783.934373,15,48.03125,105.75
1785156783.934373,8,166.65625,14394.25
1785156783.934373,13,193.609375,1752.5
1785156783.934373,15,196.859375,1770.25
1785156783.934373,7,225.96875,3619.5
1785156783.934373,15,232.53125,3166.5
1785156783.934373,15,234.1875,3085.5
1785156783.934373,15,244.078125,2731.5
1785156783.934373,12,245.703125,2686.0
1785156783.934373,12,247.34375,2641.5
1785156783.934373,12,248.984375,2603.75
1785156783.934373,12,252.328125,2560.0
1785156783.934373,15,253.96875,2523.25
1785156783.934373,14,255.609375,2485.25
1785156783.934373,12,257.21875,2455.5
1785156783.934373,15,258.875,2449.75
1785156783.934373,15,260.53125,2439.25
1785156783.934373,15,262.140625,2411.25
1785156783.934373,8,263.78125,2391.25
1785156783.934373,9,265.4375,2376.25
1785156783.934373,13,267.0625,2353.0
1785156783.934373,8,268.734375,2336.25
1785156783.934373,13,270.375,2330.75
1785156783.934373,9,272.03125,2329.25
1785156783.934373,11,273.625,2334.75
1785156783.934373,10,275.28125,2340.5
1785156783.934373,9,276.90625,2336.5
1785156783.934373,9,278.546875,2336.0
1785156783.934373,7,280.171875,2339.75
1785156783.934373,5,281.796875,2347.5
1785156783.934373,6,283.40625,2357.5
1785156783.934373,5,285.078125,2366.5
1785156783.934373,15,286.71875,2381.75
1785156783.934373,15,288.3125,2398.0
1785156783.934373,15,289.96875,2415.75
1785156783.934373,8,291.609375,2434.75
1785156783.934373,12,293.203125,2451.75
1785156783.934373,7,294.84375,2465.75
1785156783.934373,15,296.46875,2478.5
1785156783.934373,12,298.125,2507.25
1785156783.934373,9,299.859375,2543.0
1785156783.934373,13,301.5,2575.5
1785156783.934373,15,303.140625,2608.5
1785156783.934373,9,304.75,2629.75
1785156783.934373,15,306.390625,2661.25
1785156783.934373,15,308.0625,2708.5
1785156783.934373,7,309.671875,2744.75
1785156783.934373,15,311.328125,2789.0
1785156783.934373,4,312.953125,2855.5
1785156783.934373,15,314.59375,2924.0
1785156783.934373,5,316.1875,2999.5
1785156783.934373,15,317.84375,3080.25
1785156783.934373,15,319.5,3117.75
1785156783.934373,15,324.484375,2729.25
1785156783.934373,15,326.109375,2774.75
1785156783.934373,15,327.765625,2795.5
1785156783.934373,15,329.421875,2790.0
1785156783.934373,15,331.0625,2771.0
1785156783.934373,15,332.671875,2769.25
1785156783.934373,15,334.3125,2811.5
1785156784.0458047,15,1.875,8129.25
1785156784.0458047,15,3.53125,8035.5
1785156784.0458047,15,5.15625,7928.5
1785156784.0458047,15,8.46875,7298.5
1785156784.0458047,15,10.109375,7211.5
1785156784.0458047,15,11.734375,7155.0
1785156784.0458047,15,13.390625,7062.75
1785156784.0458047,15,15.03125,6944.25
1785156784.0458047,15,16.6875,6855.25
1785156784.0458047,15,19.90625,8873.25
1785156784.0458047,9,21.546875,8776.75
1785156784.0458047,13,23.203125,8695.25
1785156784.0458047,15,46.75,107.0
1785156784.0458047,15,49.375,105.0
1785156784.0458047,15,192.375,1752.0
1785156784.0458047,15,194.03125,1743.0
1785156784.0458047,15,197.296875,1751.5
1785156784.0458047,15,226.359375,3555.5
1785156784.0458047,14,231.25,3220.75
1785156784.0458047,8,232.890625,3147.5
1785156784.0458047,11,239.46875,2846.0
1785156784.0458047,10,244.375,2702.5
1785156784.0458047,15,246.0,2664.0
1785156784.0458047,9,247.671875,2615.0
1785156784.0458047,13,249.328125,2579.5
1785156784.0458047,9,252.640625,2539.5
1785156784.0458047,15,254.265625,2502.75
1785156784.0458047,12,255.921875,2483.25
1785156784.0458047,10,257.5625,2453.75
1785156784.0458047,15,259.171875,2444.25
1785156784.0458047,10,260.84375,2440.75
1785156784.0458047,15,262.453125,2416.5
1785156784.0458047,12,264.109375,2388.0
1785156784.0458047,10,265.765625,2364.25
1785156784.0458047,15,267.390625,2344.25
1785156784.0458047,12,269.0,2338.0
1785156784.0458047,12,270.640625,2331.5
1785156784.0458047,12,272.296875,2326.0
1785156784.0458047,11,273.90625,2337.75
1785156784.0458047,7,275.578125,2342.25
1785156784.0458047,8,277.203125,2339.25
1785156784.0458047,7,278.859375,2339.75
1785156784.0458047,8,280.5,2341.5
1785156784.0458047,5,282.15625,2356.75
1785156784.0458047,4,283.75,2364.25
1785156784.0458047,15,285.40625,2388.75
1785156784.0458047,15,287.03125,2415.25
1785156784.0458047,15,288.671875,2418.25
1785156784.0458047,9,290.296875,2436.5
1785156784.0458047,8,291.90625,2449.5
1785156784.0458047,15,293.5625,2465.75
1785156784.0458047,15,295.203125,2498.0
1785156784.0458047,15,296.84375,2515.0
1785156784.0458047,6,298.46875,2537.25
1785156784.0458047,15,300.15625,2576.75
1785156784.0458047,13,301.796875,2610.5
1785156784.0458047,8,303.4375,2642.25
1785156784.0458047,15,305.078125,2671.25
1785156784.0458047,14,306.71875,2708.5
1785156784.0458047,7,308.359375,2749.5
1785156784.0458047,15,310.0,2790.75
1785156784.0458047,14,311.59375,2843.25
1785156784.0458047,15,318.140625,3136.75
1785156784.0458047,15,319.78125,3152.25
1785156784.0458047,15,323.03125,3285.0
1785156784.0458047,15,326.40625,2792.75
1785156784.0458047,15,328.046875,2811.25
1785156784.0458047,15,329.6875,2805.5
1785156784.0458047,15,331.3125,2783.0
1785156784.0458047,15,332.96875,2780.0
1785156784.0458047,14,334.59375,2826.25
1785156784.270705,15,2.625,8137.75
1785156784.270705,15,4.28125,8053.5
1785156784.270705,15,5.90625,7929.25
1785156784.270705,15,9.21875,7317.0
1785156784.270705,15,10.796875,7231.0
1785156784.270705,15,12.4375,7160.0
1785156784.270705,15,14.078125,7093.25
1785156784.270705,15,15.71875,6985.75
1785156784.270705,15,17.359375,6872.75
1785156784.270705,15,20.59375,8883.0
1785156784.270705,7,22.234375,8746.5
1785156784.270705,12,23.859375,8660.0
1785156784.270705,15,47.265625,106.25
1785156784.270705,13,194.8125,1790.75
1785156784.270705,15,196.4375,1761.0
1785156784.270705,8,198.046875,1761.5
1785156784.270705,15,199.6875,1769.75
1785156784.270705,15,228.671875,3356.25
1785156784.270705,15,231.96875,3181.75
1785156784.270705,11,235.296875,2993.0
1785156784.270705,13,236.921875,2916.5
1785156784.270705,15,246.796875,2620.0
1785156784.270705,13,248.4375,2574.75
1785156784.270705,14,250.0625,2548.25
1785156784.270705,15,251.78125,2517.75
1785156784.270705,10,255.0625,2480.25
1785156784.270705,10,256.6875,2456.25
1785156784.270705,13,258.34375,2443.0
1785156784.270705,14,259.96875,2437.0
1785156784.270705,15,261.59375,2421.0
1785156784.270705,15,263.234375,2401.5
1785156784.270705,9,264.890625,2384.5
1785156784.270705,15,266.546875,2373.25
1785156784.270705,8,268.171875,2360.25
1785156784.270705,7,269.8125,2349.75
1785156784.270705,7,271.4375,2342.75
1785156784.270705,8,273.09375,2341.0
1785156784.270705,11,274.703125,2346.75
1785156784.270705,7,276.328125,2354.25
1785156784.270705,8,277.953125,2355.5
1785156784.270705,9,279.5625,2354.75
1785156784.270705,6,281.203125,2355.0
1785156784.270705,7,282.859375,2355.25
1785156784.270705,5,284.484375,2355.0
1785156784.270705,6,286.109375,2359.75
1785156784.270705,6,287.71875,2372.5
1785156784.270705,15,289.359375,2393.25
1785156784.270705,13,291.015625,2409.25
1785156784.270705,14,292.65625,2420.5
1785156784.270705,6,294.25,2438.75
1785156784.270705,15,295.890625,2456.0
1785156784.270705,15,297.546875,2471.0
1785156784.270705,13,299.21875,2500.5
1785156784.270705,15,300.84375,2547.25
1785156784.270705,15,302.5,2577.75
1785156784.270705,15,304.140625,2606.0
1785156784.270705,11,305.765625,2645.75
1785156784.270705,15,307.375,2680.75
1785156784.270705,14,309.0,2715.5
1785156784.270705,7,310.640625,2751.75
1785156784.270705,15,312.296875,2800.5
1785156784.270705,15,313.90625,2853.25
1785156784.270705,15,315.53125,2911.25
1785156784.270705,15,317.15625,2978.5
1785156784.270705,11,318.78125,3053.75
1785156784.270705,15,320.4375,3138.25
1785156784.270705,11,322.046875,3218.0
1785156784.270705,15,325.453125,2790.5
1785156784.270705,15,327.078125,2823.25
1785156784.270705,15,328.734375,2843.0
1785156784.270705,15,330.359375,2834.5
1785156784.270705,15,332.015625,2807.5
1785156784.270705,15,333.640625,2805.5
1785156784.496417,15,4.625,8084.0
1785156784.496417,15,6.28125,8001.75
1785156784.496417,15,9.5625,7318.5
1785156784.496417,15,11.140625,7242.5
1785156784.496417,15,12.78125,7176.0
1785156784.496417,15,14.421875,7092.0
1785156784.496417,15,16.0625,6976.5
1785156784.496417,15,17.6875,6877.25
1785156784.496417,15,20.921875,8935.0
1785156784.496417,8,22.5625,8829.75
1785156784.496417,14,24.203125,8720.5
1785156784.496417,15,48.625,106.0
1785156784.496417,11,163.1875,12431.0
1785156784.496417,9,169.734375,14159.75
1785156784.496417,15,198.25,1765.0
1785156784.496417,15,199.890625,1766.25
1785156784.496417,15,201.5,1771.5
1785156784.496417,15,203.078125,1788.75
1785156784.496417,15,228.921875,3522.0
1785156784.496417,13,233.859375,3201.25
1785156784.496417,15,237.15625,3026.75
1785156784.496417,15,248.6875,2644.5
1785156784.496417,15,250.328125,2613.25
1785156784.496417,15,251.921875,2583.0
1785156784.496417,15,253.609375,2534.0
1785156784.496417,15,256.859375,2507.0
1785156784.496417,11,258.515625,2490.75
1785156784.496417,11,260.140625,2462.0
1785156784.496417,13,261.78125,2451.25
1785156784.496417,12,263.40625,2442.75
1785156784.496417,12,265.078125,2438.75
1785156784.496417,15,266.703125,2428.0
1785156784.496417,13,268.328125,2420.75
1785156784.496417,15,269.984375,2418.75
1785156784.496417,15,271.59375,2416.75
1785156784.496417,15,273.25,2424.75
1785156784.496417,12,274.796875,2431.5
1785156784.496417,13,276.4375,2438.25
1785156784.496417,11,278.0625,2441.75
1785156784.496417,10,279.71875,2441.5
1785156784.496417,15,281.328125,2440.5
1785156784.496417,9,282.96875,2441.0
1785156784.496417,9,284.578125,2448.5
1785156784.496417,15,286.234375,2464.25
1785156784.496417,15,287.84375,2480.0
1785156784.496417,15,289.5,2494.75
1785156784.496417,13,291.109375,2507.0
1785156784.496417,12,292.734375,2521.0
1785156784.496417,5,294.359375,2542.5
1785156784.496417,15,295.96875,2575.25
1785156784.496417,11,297.59375,2607.25
1785156784.496417,8,299.34375,2632.75
1785156784.496417,15,300.984375,2664.25
1785156784.496417,12,302.625,2693.5
1785156784.496417,12,304.296875,2718.0
1785156784.496417,13,305.875,2758.0
1785156784.496417,14,307.546875,2795.75
1785156784.496417,15,309.171875,2830.5
1785156784.496417,6,310.8125,2889.25
1785156784.496417,14,312.421875,2944.5
1785156784.496417,15,314.0625,2972.75
1785156784.496417,7,317.3125,3110.75
1785156784.496417,15,320.578125,3229.0
1785156784.496417,15,327.28125,2842.0
1785156784.496417,15,328.921875,2860.0
1785156784.496417,15,330.578125,2851.25
1785156784.496417,15,332.203125,2830.5
1785156784.496417,15,333.84375,2816.0
1785156784.7195554,15,4.9375,8071.75
1785156784.7195554,15,6.578125,7976.0
1785156784.7195554,15,9.875,7305.25
1785156784.7195554,15,11.484375,7247.25
1785156784.7195554,15,13.140625,7184.0
1785156784.7195554,15,14.78125,7085.75
1785156784.7195554,15,16.421875,6968.75
1785156784.7195554,15,18.046875,6877.25
1785156784.7195554,15,21.28125,8900.25
1785156784.7195554,15,22.90625,8816.0
1785156784.7195554,15,24.546875,8716.5
1785156784.7195554,15,46.171875,107.75
1785156784.7195554,15,48.5625,105.5
1785156784.7195554,10,163.59375,12331.0
1785156784.7195554,9,170.125,14380.5
1785156784.7195554,15,197.09375,1790.75
1785156784.7195554,15,198.6875,1768.75
1785156784.7195554,15,200.3125,1759.5
1785156784.7195554,15,202.015625,1768.5
1785156784.7195554,10,224.484375,3666.25
1785156784.7195554,12,231.078125,3200.5
1785156784.7195554,8,232.734375,3146.75
1785156784.7195554,15,237.6875,2869.25
1785156784.7195554,14,239.328125,2801.25
1785156784.7195554,15,241.0,2735.0
1785156784.7195554,12,242.640625,2686.25
1785156784.7195554,13,249.21875,2527.25
1785156784.7195554,13,250.84375,2500.0
1785156784.7195554,13,252.484375,2465.25
1785156784.7195554,15,257.40625,2381.5
1785156784.7195554,14,259.078125,2377.0
1785156784.7195554,9,260.6875,2344.25
1785156784.7195554,10,262.34375,2332.0
1785156784.7195554,8,263.96875,2328.25
1785156784.7195554,15,265.609375,2319.75
1785156784.7195554,15,267.25,2305.0
1785156784.7195554,15,268.921875,2296.0
1785156784.7195554,15,270.546875,2298.25
1785156784.7195554,15,272.1875,2298.25
1785156784.7195554,9,273.78125,2300.75
1785156784.7195554,15,275.453125,2312.0
1785156784.7195554,11,277.046875,2322.25
1785156784.7195554,10,278.703125,2330.0
1785156784.7195554,8,280.34375,2328.75
1785156784.7195554,6,281.984375,2332.75
1785156784.7195554,7,283.59375,2341.5
1785156784.7195554,8,285.265625,2344.75
1785156784.7195554,6,286.890625,2359.5
1785156784.7195554,7,288.5,2373.5
1785156784.7195554,15,290.109375,2385.75
1785156784.7195554,15,291.78125,2408.75
1785156784.7195554,12,293.390625,2426.0
1785156784.7195554,7,295.015625,2442.75
1785156784.7195554,15,296.65625,2460.5
1785156784.7195554,15,298.296875,2480.25
1785156784.7195554,15,300.0,2514.25
1785156784.7195554,14,301.640625,2551.75
1785156784.7195554,15,303.28125,2582.0
1785156784.7195554,14,304.90625,2611.0
1785156784.7195554,7,306.546875,2642.25
1785156784.7195554,15,308.171875,2686.75
1785156784.7195554,10,309.828125,2736.0
1785156784.7195554,15,311.453125,2785.25
1785156784.7195554,14,313.09375,2832.25
1785156784.7195554,7,314.703125,2883.25
1785156784.7195554,15,316.34375,2953.75
1785156784.7195554,5,317.96875,3024.0
1785156784.7195554,15,321.234375,3168.5
1785156784.7195554,15,326.21875,2812.25
1785156784.7195554,15,327.859375,2851.5
1785156784.7195554,15,329.46875,2861.75
1785156784.7195554,15,331.140625,2844.0
1785156784.7195554,15,332.796875,2820.0
1785156784.7195554,15,334.40625,2838.5
1785156785.0570712,15,4.84375,8068.25
1785156785.0570712,15,6.484375,7964.0
1785156785.0570712,15,9.796875,7330.75
1785156785.0570712,15,11.34375,7229.25
1785156785.0570712,15,12.96875,7172.75
1785156785.0570712,15,14.625,7117.0
1785156785.0570712,15,17.921875,6835.25
1785156785.0570712,15,19.546875,6807.0
1785156785.0570712,10,22.78125,8809.5
1785156785.0570712,14,24.421875,8713.0
1785156785.0570712,15,47.4375,105.75
1785156785.0570712,9,163.5625,12223.75
1785156785.0570712,15,197.09375,1789.75
1785156785.0570712,15,198.765625,1760.75
1785156785.0570712,15,201.984375,1765.0
1785156785.0570712,15,229.421875,3360.25
1785156785.0570712,15,232.71875,3176.25
1785156785.0570712,7,236.0,2999.75
1785156785.0570712,10,237.65625,2922.5
1785156785.0570712,10,239.328125,2846.5
1785156785.0570712,13,240.984375,2771.75
1785156785.0570712,15,242.609375,2723.75
1785156785.0570712,15,249.1875,2548.5
1785156785.0570712,15,250.90625,2512.5
1785156785.0570712,15,252.515625,2504.25
1785156785.0570712,10,255.859375,2472.0
1785156785.0570712,15,257.46875,2432.5
1785156785.0570712,15,259.125,2416.75
1785156785.0570712,9,260.78125,2390.25
1785156785.0570712,8,262.4375,2365.75
1785156785.0570712,11,264.046875,2356.25
1785156785.0570712,8,265.703125,2349.75
1785156785.0570712,8,267.328125,2340.75
1785156785.0570712,11,269.0,2322.5
1785156785.0570712,14,270.65625,2315.5
1785156785.0570712,15,272.296875,2309.0
1785156785.0570712,13,273.921875,2304.0
1785156785.0570712,10,275.484375,2314.75
1785156785.0570712,8,277.125,2324.75
1785156785.0570712,9,278.734375,2331.0
1785156785.0570712,9,280.375,2330.25
1785156785.0570712,6,282.03125,2334.5
1785156785.0570712,4,283.65625,2342.75
1785156785.0570712,8,285.28125,2346.25
1785156785.0570712,7,286.921875,2359.5
1785156785.0570712,6,288.53125,2371.75
1785156785.0570712,15,290.1875,2388.25
1785156785.0570712,15,291.78125,2412.5
1785156785.0570712,12,293.421875,2425.75
1785156785.0570712,8,295.078125,2442.5
1785156785.0570712,15,296.71875,2460.5
1785156785.0570712,15,298.328125,2480.0
1785156785.0570712,15,300.0625,2513.0
1785156785.0570712,10,301.671875,2550.25
1785156785.0570712,15,303.3125,2580.25
1785156785.0570712,12,304.953125,2610.0
1785156785.0570712,12,306.578125,2643.75
1785156785.0570712,15,308.21875,2686.5
1785156785.0570712,14,309.84375,2732.25
1785156785.0570712,15,311.5,2771.5
1785156785.0570712,15,313.09375,2820.75
1785156785.0570712,7,314.75,2882.5
1785156785.0570712,15,316.390625,2951.75
1785156785.0570712,5,318.0,3022.25
1785156785.0570712,15,319.625,3093.25
1785156785.0570712,15,321.265625,3148.5
1785156785.0570712,15,326.296875,2813.75
1785156785.0570712,15,327.9375,2855.0
1785156785.0570712,15,329.5625,2860.5
1785156785.0570712,15,331.203125,2844.5
1785156785.0570712,15,332.890625,2820.75
1785156785.0570712,11,334.5,2838.25
1785156785.2835255,15,4.328125,8063.25
1785156785.2835255,15,5.984375,7982.0
1785156785.2835255,15,7.609375,7875.75
1785156785.2835255,15,10.859375,7237.5
1785156785.2835255,15,12.5,7163.5
1785156785.2835255,15,14.125,7099.0
1785156785.2835255,15,15.78125,7002.5
1785156785.2835255,15,17.421875,6891.0
1785156785.2835255,15,19.0625,6815.25
1785156785.2835255,14,22.28125,8855.0
1785156785.2835255,11,23.921875,8719.0
1785156785.2835255,12,25.578125,8681.0
1785156785.2835255,15,46.890625,106.25
1785156785.2835255,15,196.5,1790.25
1785156785.2835255,15,198.15625,1765.5
1785156785.2835255,15,199.78125,1759.25
1785156785.2835255,15,201.421875,1765.75
1785156785.2835255,15,203.015625,1786.5
1785156785.2835255,12,225.578125,3611.5
1785156785.2835255,15,227.234375,3519.5
1785156785.2835255,15,232.1875,3197.5
1785156785.2835255,15,235.484375,3033.75
1785156785.2835255,15,237.140625,2950.5
1785156785.2835255,15,238.796875,2871.25
1785156785.2835255,14,248.6875,2571.5
1785156785.2835255,15,250.34375,2534.0
1785156785.2835255,15,251.96875,2513.75
1785156785.2835255,15,253.609375,2493.25
1785156785.2835255,12,256.890625,2418.25
1785156785.2835255,15,258.53125,2423.25
1785156785.2835255,13,260.203125,2385.0
1785156785.2835255,8,261.84375,2357.25
1785156785.2835255,9,263.453125,2350.75
1785156785.2835255,7,265.078125,2344.25
1785156785.2835255,8,266.765625,2331.0
1785156785.2835255,15,268.375,2323.75
1785156785.2835255,15,270.0,2319.25
1785156785.2835255,15,271.65625,2306.25
1785156785.2835255,10,273.3125,2305.5
1785156785.2835255,11,274.875,2322.25
1785156785.2835255,10,276.5,2332.75
1785156785.2835255,15,278.171875,2333.75
1785156785.2835255,15,279.78125,2336.25
1785156785.2835255,8,281.4375,2340.5
1785156785.2835255,5,283.0625,2347.75
1785156785.2835255,6,284.6875,2352.5
1785156785.2835255,5,286.34375,2365.0
1785156785.2835255,4,287.96875,2381.0
1785156785.2835255,15,289.578125,2391.25
1785156785.2835255,15,291.21875,2408.25
1785156785.2835255,11,292.828125,2426.75
1785156785.2835255,6,294.46875,2440.25
1785156785.2835255,15,296.109375,2455.0
1785156785.2835255,5,297.734375,2459.5
1785156785.2835255,15,299.46875,2488.75
1785156785.2835255,6,301.09375,2538.5
1785156785.2835255,15,302.75,2568.5
1785156785.2835255,15,304.390625,2603.0
1785156785.2835255,7,306.015625,2638.5
1785156785.2835255,15,307.65625,2676.25
1785156785.2835255,8,309.28125,2715.0
1785156785.2835255,8,310.921875,2752.25
1785156785.2835255,14,312.53125,2796.0
1785156785.2835255,15,314.171875,2848.25
1785156785.2835255,15,315.8125,2920.75
1785156785.2835255,12,317.421875,2994.25
1785156785.2835255,14,319.0625,3069.0
1785156785.2835255,11,320.703125,3143.75
1785156785.2835255,12,322.328125,3221.75
1785156785.2835255,15,325.734375,2818.5
1785156785.2835255,15,327.390625,2850.0
1785156785.2835255,15,329.03125,2860.75
1785156785.2835255,15,330.671875,2850.0
1785156785.2835255,15,332.34375,2830.0
1785156785.2835255,15,333.984375,2827.0
1785156785.5092921,15,3.75,8157.75
1785156785.5092921,15,5.40625,8060.75
1785156785.5092921,15,7.03125,7928.25
1785156785.5092921,15,10.3125,7310.25
1785156785.5092921,15,11.9375,7223.75
1785156785.5092921,15,13.59375,7147.5
1785156785.5092921,15,15.234375,7051.75
1785156785.5092921,15,16.890625,6921.25
1785156785.5092921,15,18.53125,6818.0
1785156785.5092921,15,21.75,8862.25
1785156785.5092921,11,23.390625,8775.5
1785156785.5092921,15,25.03125,8688.5
1785156785.5092921,15,46.9375,106.5
1785156785.5092921,15,48.65625,104.75
1785156785.5092921,15,50.84375,102.0
1785156785.5092921,11,196.140625,1800.75
1785156785.5092921,15,197.75,1771.5
1785156785.5092921,15,199.390625,1757.75
1785156785.5092921,15,201.046875,1758.75
1785156785.5092921,15,202.671875,1776.5
1785156785.5092921,11,225.171875,3630.75
1785156785.5092921,15,226.78125,3553.25
1785156785.5092921,15,230.078125,3332.0
1785156785.5092921,13,231.734375,3233.75
1785156785.5092921,15,233.359375,3156.25
1785156785.5092921,7,236.65625,2976.25
1785156785.5092921,15,238.296875,2899.5
1785156785.5092921,15,248.171875,2587.25
1785156785.5092921,15,249.828125,2536.5
1785156785.5092921,11,251.5,2520.25
1785156785.5092921,11,253.140625,2504.0
1785156785.5092921,13,256.390625,2465.0
1785156785.5092921,15,258.078125,2429.75
1785156785.5092921,9,259.703125,2401.75
1785156785.5092921,10,261.328125,2374.0
1785156785.5092921,9,262.984375,2356.75
1785156785.5092921,6,264.609375,2344.5
1785156785.5092921,12,266.25,2333.0
1785156785.5092921,15,267.90625,2325.25
1785156785.5092921,13,269.515625,2313.25
1785156785.5092921,15,271.171875,2301.5
1785156785.5092921,15,272.8125,2308.25
1785156785.5092921,8,274.4375,2318.25
1785156785.5092921,9,276.09375,2325.75
1785156785.5092921,11,277.71875,2327.0
1785156785.5092921,9,279.359375,2326.25
1785156785.5092921,7,281.0,2330.75
1785156785.5092921,7,282.625,2342.25
1785156785.5092921,6,284.25,2352.25
1785156785.5092921,5,285.90625,2353.25
1785156785.5092921,8,287.53125,2359.0
1785156785.5092921,15,289.15625,2377.0
1785156785.5092921,15,290.8125,2407.25
1785156785.5092921,15,292.421875,2422.0
1785156785.5092921,7,294.078125,2429.0
1785156785.5092921,6,295.703125,2448.75
1785156785.5092921,15,297.328125,2463.75
1785156785.5092921,12,299.078125,2488.5
1785156785.5092921,7,300.6875,2526.25
1785156785.5092921,15,302.34375,2563.0
1785156785.5092921,11,303.984375,2592.25
1785156785.5092921,8,305.609375,2622.0
1785156785.5092921,15,307.25,2659.25
1785156785.5092921,15,308.890625,2694.0
1785156785.5092921,13,310.5,2737.5
1785156785.5092921,11,312.15625,2789.75
1785156785.5092921,11,313.78125,2837.5
1785156785.5092921,14,315.40625,2901.5
1785156785.5092921,11,317.0625,2974.75
1785156785.5092921,14,318.6875,3051.25
1785156785.5092921,15,320.296875,3132.0
1785156785.5092921,14,321.953125,3128.25
1785156785.5092921,15,326.921875,2830.75
1785156785.5092921,15,328.59375,2846.0
1785156785.5092921,15,330.21875,2846.75
1785156785.5092921,15,331.875,2833.0
1785156785.5092921,15,333.53125,2820.25
1785156785.7323728,15,4.96875,8047.75
1785156785.7323728,15,6.609375,7946.0
1785156785.7323728,15,9.90625,7306.75
1785156785.7323728,15,11.5,7246.0
1785156785.7323728,15,13.15625,7184.75
1785156785.7323728,15,14.78125,7092.75
1785156785.7323728,15,16.421875,6973.5
1785156785.7323728,15,18.0625,6880.75
1785156785.7323728,15,19.703125,6817.25
1785156785.7323728,9,22.9375,8834.75
1785156785.7323728,10,24.59375,8710.0
1785156785.7323728,15,46.515625,107.75
1785156785.7323728,15,48.921875,105.5
1785156785.7323728,15,197.21875,1802.25
1785156785.7323728,15,198.828125,1765.25
1785156785.7323728,15,200.5,1754.75
1785156785.7323728,15,202.15625,1765.75
1785156785.7323728,15,229.546875,3363.5
1785156785.7323728,15,232.84375,3169.5
1785156785.7323728,9,236.140625,3004.25
1785156785.7323728,11,237.78125,2925.0
1785156785.7323728,10,239.453125,2846.25
1785156785.7323728,13,241.078125,2772.0
1785156785.7323728,9,242.71875,2717.75
1785156785.7323728,15,249.328125,2552.25
1785156785.7323728,15,250.984375,2514.75
1785156785.7323728,15,252.609375,2503.75
1785156785.7323728,10,255.90625,2471.25
1785156785.7323728,15,257.5625,2438.75
1785156785.7323728,15,259.203125,2421.75
1785156785.7323728,10,260.84375,2389.75
1785156785.7323728,8,262.5,2365.5
1785156785.7323728,9,264.140625,2354.0
1785156785.7323728,9,265.765625,2347.0
1785156785.7323728,8,267.4375,2337.5
1785156785.7323728,14,269.03125,2321.25
1785156785.7323728,12,270.71875,2313.0
1785156785.7323728,15,272.328125,2307.75
1785156785.7323728,15,273.984375,2308.0
1785156785.7323728,7,275.53125,2318.75
1785156785.7323728,15,277.1875,2325.5
1785156785.7323728,12,278.8125,2334.0
1785156785.7323728,11,280.46875,2340.5
1785156785.7323728,7,282.09375,2343.0
1785156785.7323728,4,283.703125,2350.0
1785156785.7323728,6,285.359375,2352.75
1785156785.7323728,6,286.96875,2359.25
1785156785.7323728,5,288.59375,2370.75
1785156785.7323728,15,290.234375,2387.0
1785156785.7323728,15,291.859375,2411.25
1785156785.7323728,12,293.46875,2425.75
1785156785.7323728,8,295.125,2441.75
1785156785.7323728,15,296.75,2460.0
1785156785.7323728,15,298.375,2478.75
1785156785.7323728,15,300.0625,2509.5
1785156785.7323728,9,301.71875,2548.0
1785156785.7323728,15,303.34375,2578.5
1785156785.7323728,12,304.984375,2608.0
1785156785.7323728,11,306.609375,2645.75
1785156785.7323728,15,308.25,2687.25
1785156785.7323728,14,309.875,2725.0
1785156785.7323728,9,311.484375,2764.25
1785156785.7323728,15,313.140625,2817.5
1785156785.7323728,8,314.765625,2877.5
1785156785.7323728,15,316.40625,2944.5
1785156785.7323728,5,318.015625,3016.5
1785156785.7323728,11,319.65625,3090.0
1785156785.7323728,15,321.265625,3146.0
1785156785.7323728,15,326.3125,2816.75
1785156785.7323728,15,327.9375,2856.25
1785156785.7323728,15,329.578125,2860.0
1785156785.7323728,15,331.21875,2845.0
1785156785.7323728,15,332.890625,2822.0
1785156785.7323728,12,334.5,2841.5
1785156785.9592671,15,4.09375,8120.75
1785156785.9592671,15,5.75,8026.25
1785156785.9592671,15,7.375,7899.25
1785156785.9592671,15,10.609375,7276.0
1785156785.9592671,15,12.25,7205.75
1785156785.9592671,15,13.875,7120.5
1785156785.9592671,15,15.515625,7024.75
1785156785.9592671,15,17.15625,6947.25
1785156785.9592671,15,18.796875,6822.75
1785156785.9592671,15,22.015625,8822.0
1785156785.9592671,11,23.640625,8778.5
1785156785.9592671,14,25.28125,8721.25
1785156785.9592671,15,46.15625,106.5
1785156785.9592671,15,50.640625,101.5
1785156785.9592671,14,185.6875,12164.5
1785156785.9592671,14,187.34375,11973.5
1785156785.9592671,13,194.546875,1812.0
1785156785.9592671,14,197.84375,1773.5
1785156785.9592671,15,199.53125,1757.25
1785156785.9592671,15,201.109375,1762.75
1785156785.9592671,15,202.78125,1782.25
1785156785.9592671,15,225.234375,3627.5
1785156785.9592671,15,226.890625,3551.25
1785156785.9592671,15,230.21875,3327.25
1785156785.9592671,9,233.515625,3132.75
1785156785.9592671,15,235.140625,3060.25
1785156785.9592671,15,238.4375,2881.5
1785156785.9592671,15,248.328125,2587.0
1785156785.9592671,15,249.96875,2538.75
1785156785.9592671,15,251.640625,2519.0
1785156785.9592671,11,253.296875,2498.5
1785156785.9592671,11,256.578125,2463.5
1785156785.9592671,15,258.234375,2430.75
1785156785.9592671,11,259.875,2393.75
1785156785.9592671,9,261.515625,2365.75
1785156785.9592671,8,263.15625,2358.5
1785156785.9592671,9,264.78125,2346.5
1785156785.9592671,14,266.453125,2326.25
1785156785.9592671,15,268.09375,2312.75
1785156785.9592671,15,269.703125,2308.5
1785156785.9592671,15,271.375,2306.5
1785156785.9592671,11,273.0,2310.75
1785156785.9592671,10,274.609375,2318.0
1785156785.9592671,11,276.203125,2326.25
1785156785.9592671,7,277.8125,2328.75
1785156785.9592671,7,279.484375,2329.25
1785156785.9592671,7,281.109375,2332.75
1785156785.9592671,6,282.71875,2341.25
1785156785.9592671,5,284.375,2351.5
1785156785.9592671,5,286.015625,2360.5
1785156785.9592671,7,287.625,2372.0
1785156785.9592671,15,289.25,2390.75
1785156785.9592671,15,290.875,2407.25
1785156785.9592671,15,292.515625,2420.25
1785156785.9592671,7,294.15625,2440.25
1785156785.9592671,15,295.796875,2455.25
1785156785.9592671,14,297.4375,2464.0
1785156785.9592671,11,299.15625,2484.75
1785156785.9592671,5,300.796875,2522.25
1785156785.9592671,15,302.4375,2561.0
1785156785.9592671,13,304.078125,2590.75
1785156785.9592671,8,305.703125,2622.25
1785156785.9592671,15,307.359375,2659.5
1785156785.9592671,14,309.0,2695.5
1785156785.9592671,8,310.625,2741.0
1785156785.9592671,15,312.265625,2787.75
1785156785.9592671,14,313.875,2840.25
1785156785.9592671,15,315.53125,2909.0
1785156785.9592671,8,317.15625,2973.5
1785156785.9592671,11,318.78125,3048.5
1785156785.9592671,15,320.421875,3130.5
1785156785.9592671,9,322.046875,3127.25
1785156785.9592671,15,327.078125,2829.5
1785156785.9592671,15,328.734375,2849.25
1785156785.9592671,15,330.375,2850.25
1785156785.9592671,15,332.0,2835.5
1785156785.9592671,15,333.671875,2822.75
1785156785.9592671,13,335.28125,2866.75
1785156786.184283,15,5.0,8047.25
1785156786.184283,15,6.640625,7949.25
1785156786.184283,15,9.9375,7309.75
1785156786.184283,15,11.515625,7244.5
1785156786.184283,15,13.171875,7182.75
1785156786.184283,15,14.796875,7094.75
1785156786.184283,15,16.4375,6978.25
1785156786.184283,15,18.09375,6882.0
1785156786.184283,15,21.3125,8829.25
1785156786.184283,10,22.953125,8755.0
1785156786.184283,13,24.609375,8688.0
1785156786.184283,15,46.5,107.75
1785156786.184283,15,48.53125,105.5
1785156786.184283,15,198.703125,1761.25
1785156786.184283,15,202.015625,1766.0
1785156786.184283,12,231.125,3239.5
1785156786.184283,15,232.765625,3168.75
1785156786.184283,9,236.078125,3001.5
1785156786.184283,9,237.703125,2923.0
1785156786.184283,11,239.375,2844.25
1785156786.184283,14,241.015625,2770.25
1785156786.184283,15,242.65625,2722.75
1785156786.184283,15,249.265625,2550.0
1785156786.184283,15,250.875,2513.75
1785156786.184283,15,252.5,2503.75
1785156786.184283,9,255.78125,2471.75
1785156786.184283,15,257.4375,2433.25
1785156786.184283,15,259.0625,2419.25
1785156786.184283,12,260.734375,2393.0
1785156786.184283,9,262.359375,2366.25
1785156786.184283,11,264.0,2355.25
1785156786.184283,10,265.640625,2344.0
1785156786.184283,9,267.28125,2331.5
1785156786.184283,12,268.921875,2319.0
1785156786.184283,15,270.5625,2312.25
1785156786.184283,15,272.1875,2307.0
1785156786.184283,10,273.828125,2306.5
1785156786.184283,8,275.4375,2317.5
1785156786.184283,8,277.0625,2325.5
1785156786.184283,8,278.6875,2329.25
1785156786.184283,6,280.34375,2330.0
1785156786.184283,6,281.96875,2335.25
1785156786.184283,14,283.609375,2341.75
1785156786.184283,8,285.25,2345.25
1785156786.184283,6,286.890625,2358.25
1785156786.184283,7,288.5,2369.75
1785156786.184283,15,290.140625,2385.0
1785156786.184283,15,291.765625,2409.25
1785156786.184283,14,293.390625,2425.25
1785156786.184283,8,295.046875,2440.75
1785156786.184283,6,296.640625,2458.0
1785156786.184283,15,298.296875,2478.0
1785156786.184283,15,300.015625,2509.25
1785156786.184283,12,301.65625,2546.75
1785156786.184283,15,303.3125,2577.5
1785156786.184283,13,304.9375,2608.0
1785156786.184283,12,306.578125,2647.5
1785156786.184283,15,308.203125,2687.75
1785156786.184283,15,309.828125,2729.25
1785156786.184283,13,311.484375,2769.25
1785156786.184283,15,313.09375,2817.5
1785156786.184283,15,314.71875,2880.0
1785156786.184283,15,316.359375,2949.5
1785156786.184283,5,318.015625,3019.0
1785156786.184283,15,321.28125,3161.0
1785156786.184283,15,326.265625,2816.25
1785156786.184283,15,327.875,2854.0
1785156786.184283,15,329.515625,2859.25
1785156786.184283,15,331.1875,2845.25
1785156786.184283,15,332.84375,2822.25
1785156786.184283,15,334.4375,2841.25
1785156786.4075518,15,3.90625,8117.0
1785156786.4075518,15,5.53125,8013.75
1785156786.4075518,15,7.171875,7893.5
1785156786.4075518,15,10.46875,7273.5
1785156786.4075518,15,12.09375,7208.25
1785156786.4075518,15,13.734375,7144.0
1785156786.4075518,15,15.375,7057.75
1785156786.4075518,15,17.015625,6925.75
1785156786.4075518,15,18.671875,6849.5
1785156786.4075518,15,21.890625,8831.0
1785156786.4075518,11,23.53125,8773.75
1785156786.4075518,14,25.171875,8716.0
1785156786.4075518,15,47.09375,106.75
1785156786.4075518,15,49.34375,104.75
1785156786.4075518,15,51.625,102.0
1785156786.4075518,13,195.875,1801.5
1785156786.4075518,15,197.546875,1775.5
1785156786.4075518,15,199.15625,1765.0
1785156786.4075518,15,202.421875,1772.0
1785156786.4075518,15,229.859375,3364.75
1785156786.4075518,15,233.140625,3173.25
1785156786.4075518,9,236.421875,2990.75
1785156786.4075518,12,238.109375,2910.5
1785156786.4075518,15,243.046875,2731.75
1785156786.4075518,11,246.3125,2681.5
1785156786.4075518,15,247.9375,2620.75
1785156786.4075518,14,249.625,2573.0
1785156786.4075518,12,251.265625,2544.75
1785156786.4075518,15,252.9375,2523.25
1785156786.4075518,12,256.21875,2484.0
1785156786.4075518,14,257.859375,2456.0
1785156786.4075518,11,259.5,2442.0
1785156786.4075518,15,261.15625,2427.5
1785156786.4075518,15,262.8125,2403.5
1785156786.4075518,9,264.4375,2387.75
1785156786.4075518,12,266.0625,2370.5
1785156786.4075518,15,267.71875,2355.5
1785156786.4075518,15,269.375,2353.0
1785156786.4075518,7,271.0,2345.75
1785156786.4075518,8,272.640625,2349.0
1785156786.4075518,11,274.265625,2357.0
1785156786.4075518,9,275.859375,2368.75
1785156786.4075518,15,277.515625,2391.75
1785156786.4075518,15,279.15625,2402.0
1785156786.4075518,15,280.796875,2402.75
1785156786.4075518,15,282.421875,2409.75
1785156786.4075518,15,284.0625,2418.25
1785156786.4075518,13,285.703125,2422.25
1785156786.4075518,15,287.296875,2428.0
1785156786.4075518,7,288.9375,2438.0
1785156786.4075518,7,290.59375,2445.0
1785156786.4075518,15,292.203125,2461.0
1785156786.4075518,15,293.875,2484.75
1785156786.4075518,13,295.484375,2506.5
1785156786.4075518,7,297.09375,2533.75
1785156786.4075518,7,298.78125,2553.5
1785156786.4075518,15,300.421875,2583.5
1785156786.4075518,12,302.0625,2622.0
1785156786.4075518,15,303.671875,2654.25
1785156786.4075518,15,305.3125,2687.5
1785156786.4075518,12,306.9375,2718.75
1785156786.4075518,15,308.578125,2763.25
1785156786.4075518,14,310.1875,2813.5
1785156786.4075518,8,311.8125,2863.75
1785156786.4075518,15,313.46875,2911.75
1785156786.4075518,15,315.078125,2976.25
1785156786.4075518,12,316.734375,3065.75
1785156786.4075518,12,318.328125,3141.5
1785156786.4075518,8,319.984375,3186.5
1785156786.4075518,10,321.625,3238.0
1785156786.4075518,15,326.625,2815.25
1785156786.4075518,15,328.25,2858.75
1785156786.4075518,15,329.90625,2859.25
1785156786.4075518,15,331.546875,2841.25
1785156786.4075518,15,333.21875,2817.75
1785156786.4075518,15,334.8125,2830.0
1785156786.7438424,9,1.125,11807.25
1785156786.7438424,15,6.09375,8077.0
1785156786.7438424,15,7.75,8006.25
1785156786.7438424,15,10.9375,7372.0
1785156786.7438424,15,12.546875,7240.25
1785156786.7438424,15,14.1875,7183.0
1785156786.7438424,15,15.828125,7115.5
1785156786.7438424,15,17.46875,7029.75
1785156786.7438424,15,20.6875,8946.75
1785156786.7438424,15,22.3125,8927.25
1785156786.7438424,9,23.96875,8786.25
1785156786.7438424,8,25.578125,8675.25
1785156786.7438424,15,47.75,106.25
1785156786.7438424,15,196.4375,1769.75
1785156786.7438424,15,198.09375,1739.25
1785156786.7438424,15,199.671875,1739.75
1785156786.7438424,15,201.3125,1747.0
1785156786.7438424,13,232.03125,3190.0
1785156786.7438424,12,235.328125,3047.75
1785156786.7438424,15,238.609375,2874.5
1785156786.7438424,15,240.28125,2823.25
1785156786.7438424,13,241.890625,2768.25
1785156786.7438424,12,243.53125,2719.0
1785156786.7438424,13,250.140625,2574.75
1785156786.7438424,15,251.75,2547.0
1785156786.7438424,15,253.375,2527.25
1785156786.7438424,8,256.6875,2497.25
1785156786.7438424,10,258.296875,2477.25
1785156786.7438424,11,259.9375,2459.5
1785156786.7438424,15,261.59375,2441.75
1785156786.7438424,11,263.203125,2436.25
1785156786.7438424,13,264.859375,2434.75
1785156786.7438424,15,266.515625,2430.5
1785156786.7438424,13,268.109375,2424.0
1785156786.7438424,9,269.78125,2404.0
1785156786.7438424,15,271.390625,2391.5
1785156786.7438424,10,273.046875,2383.75
1785156786.7438424,10,274.609375,2373.5
1785156786.7438424,9,276.265625,2374.75
1785156786.7438424,15,277.890625,2382.5
1785156786.7438424,15,279.5,2397.0
1785156786.7438424,15,281.125,2406.5
1785156786.7438424,15,282.78125,2412.25
1785156786.7438424,15,284.40625,2417.0
1785156786.7438424,15,286.015625,2422.0
1785156786.7438424,9,287.65625,2425.5
1785156786.7438424,8,289.28125,2434.25
1785156786.7438424,9,290.90625,2444.5
1785156786.7438424,15,292.53125,2466.75
1785156786.7438424,15,294.1875,2491.0
1785156786.7438424,15,295.796875,2513.0
1785156786.7438424,13,297.40625,2551.0
1785156786.7438424,11,299.203125,2582.5
1785156786.7438424,15,300.84375,2606.5
1785156786.7438424,8,302.4375,2638.0
1785156786.7438424,15,304.09375,2670.5
1785156786.7438424,15,305.734375,2702.0
1785156786.7438424,9,307.359375,2731.5
1785156786.7438424,5,308.96875,2765.25
1785156786.7438424,15,310.625,2824.75
1785156786.7438424,12,312.25,2895.0
1785156786.7438424,15,313.90625,2930.25
1785156786.7438424,14,317.15625,3075.5
1785156786.7438424,12,318.78125,3146.0
1785156786.7438424,13,320.390625,3216.0
1785156786.7438424,15,328.734375,2773.0
1785156786.7438424,15,330.359375,2820.0
1785156786.7438424,15,332.0,2832.75
1785156786.7438424,15,333.65625,2820.5
1785156786.7438424,15,335.296875,2801.75
1785156786.7438424,15,336.953125,2795.0
1785156786.7438424,15,338.546875,2836.0
1785156786.970281,12,2.625,11819.5
1785156786.970281,15,7.59375,8121.25
1785156786.970281,15,9.234375,7986.0
1785156786.970281,15,12.5,7345.75
1785156786.970281,15,14.140625,7258.75
1785156786.970281,15,15.765625,7201.75
1785156786.970281,15,17.40625,7115.5
1785156786.970281,15,22.265625,8970.0
1785156786.970281,15,23.90625,8959.25
1785156786.970281,15,47.109375,106.0
1785156786.970281,15,201.328125,1715.5
1785156786.970281,15,227.078125,3573.0
1785156786.970281,15,230.390625,3343.0
1785156786.970281,15,233.671875,3160.25
1785156786.970281,13,235.328125,3089.25
1785156786.970281,15,236.984375,3008.5
1785156786.970281,15,238.640625,2931.5
1785156786.970281,15,240.28125,2863.25
1785156786.970281,15,250.140625,2609.5
1785156786.970281,12,251.796875,2582.5
1785156786.970281,13,253.421875,2550.5
1785156786.970281,15,255.078125,2534.5
1785156786.970281,15,258.34375,2516.75
1785156786.970281,14,259.984375,2482.25
1785156786.970281,15,261.640625,2460.0
1785156786.970281,10,263.28125,2449.5
1785156786.970281,15,264.921875,2444.75
1785156786.970281,15,266.546875,2436.5
1785156786.970281,12,268.203125,2432.5
1785156786.970281,12,269.8125,2431.75
1785156786.970281,15,271.453125,2422.75
1785156786.970281,15,273.078125,2416.75
1785156786.970281,15,274.703125,2413.5
1785156786.970281,15,276.34375,2415.5
1785156786.970281,15,278.0,2417.5
1785156786.970281,15,279.609375,2425.0
1785156786.970281,11,281.28125,2437.0
1785156786.970281,11,282.90625,2441.0
1785156786.970281,9,284.546875,2442.5
1785156786.970281,8,286.140625,2449.5
1785156786.970281,6,287.796875,2454.25
1785156786.970281,15,289.421875,2470.5
1785156786.970281,15,291.078125,2501.25
1785156786.970281,7,292.6875,2525.75
1785156786.970281,7,294.328125,2544.5
1785156786.970281,13,295.953125,2571.0
1785156786.970281,15,297.578125,2604.75
1785156786.970281,6,299.28125,2638.5
1785156786.970281,15,300.9375,2671.0
1785156786.970281,15,302.59375,2687.25
1785156786.970281,14,304.21875,2716.0
1785156786.970281,8,305.84375,2753.75
1785156786.970281,14,307.484375,2783.0
1785156786.970281,11,309.125,2840.25
1785156786.970281,13,310.734375,2914.25
1785156786.970281,15,312.375,2967.75
1785156786.970281,7,314.0,3014.0
1785156786.970281,15,315.609375,3067.0
1785156786.970281,15,317.28125,3094.25
1785156786.970281,15,330.4375,2756.0
1785156786.970281,15,333.703125,2859.25
1785156786.970281,15,335.359375,2820.25
1785156786.970281,15,337.0,2782.25
1785156786.970281,15,338.640625,2776.75
1785156786.970281,15,340.28125,2793.75
1785156787.0844011,10,1.171875,11797.5
1785156787.0844011,7,2.8125,11669.25
1785156787.0844011,15,7.78125,8131.5
1785156787.0844011,15,9.40625,8005.75
1785156787.0844011,15,11.078125,7881.75
1785156787.0844011,15,14.359375,7263.75
1785156787.0844011,15,16.0,7203.25
1785156787.0844011,9,17.640625,7126.75
1785156787.0844011,15,20.875,9010.0
1785156787.0844011,15,22.5,8977.5
1785156787.0844011,15,24.15625,8940.0
1785156787.0844011,15,47.078125,106.0
1785156787.0844011,7,166.4375,12543.25
1785156787.0844011,8,174.609375,14610.25
1785156787.0844011,15,198.375,1710.25
1785156787.0844011,15,200.015625,1703.75
1785156787.0844011,15,201.65625,1715.5
1785156787.0844011,15,227.3125,3483.75
1785156787.0844011,15,232.28125,3196.25
1785156787.0844011,14,235.5625,3057.0
1785156787.0844011,15,238.84375,2905.0
1785156787.0844011,14,240.5,2835.0
1785156787.0844011,15,250.359375,2606.25
1785156787.0844011,13,252.0,2577.0
1785156787.0844011,15,253.640625,2549.5
1785156787.0844011,15,255.296875,2529.25
1785156787.0844011,15,258.5625,2523.75
1785156787.0844011,15,260.234375,2505.25
1785156787.0844011,15,261.859375,2488.0
1785156787.0844011,10,263.46875,2482.75
1785156787.0844011,15,265.125,2471.25
1785156787.0844011,10,266.78125,2457.25
1785156787.0844011,12,268.421875,2443.5
1785156787.0844011,13,270.03125,2442.75
1785156787.0844011,15,271.6875,2439.25
1785156787.0844011,12,273.296875,2436.75
1785156787.0844011,11,274.984375,2439.5
1785156787.0844011,14,276.609375,2434.75
1785156787.0844011,12,278.25,2428.75
1785156787.0844011,12,279.875,2434.25
1785156787.0844011,12,281.5,2440.25
1785156787.0844011,11,283.15625,2443.75
1785156787.0844011,11,284.796875,2446.5
1785156787.0844011,10,286.421875,2447.25
1785156787.0844011,8,288.0625,2454.5
1785156787.0844011,15,289.703125,2472.25
1785156787.0844011,15,291.34375,2499.0
1785156787.0844011,11,292.96875,2520.5
1785156787.0844011,12,294.59375,2536.5
1785156787.0844011,15,296.203125,2566.25
1785156787.0844011,11,297.828125,2603.75
1785156787.0844011,7,299.5625,2641.75
1785156787.0844011,15,301.1875,2678.5
1785156787.0844011,15,302.84375,2703.0
1785156787.0844011,11,304.484375,2729.0
1785156787.0844011,14,306.109375,2767.5
1785156787.0844011,15,307.734375,2809.0
1785156787.0844011,5,309.359375,2861.5
1785156787.0844011,11,311.015625,2922.75
1785156787.0844011,13,312.640625,2975.5
1785156787.0844011,7,314.25,3023.0
1785156787.0844011,13,315.90625,3081.0
1785156787.0844011,15,317.53125,3148.0
1785156787.0844011,13,319.15625,3226.75
1785156787.0844011,15,334.015625,2864.5
1785156787.0844011,15,335.640625,2846.0
1785156787.0844011,15,337.3125,2806.0
1785156787.0844011,15,338.953125,2777.25
1785156787.0844011,15,340.59375,2771.25
1785156787.307676,9,0.203125,11544.25
1785156787.307676,15,1.84375,11759.25
1785156787.307676,12,3.484375,11819.0
1785156787.307676,11,5.125,11754.25
1785156787.307676,15,8.46875,8167.25
1785156787.307676,15,10.125,8047.5
1785156787.307676,15,11.671875,7969.75
1785156787.307676,15,14.953125,7383.25
1785156787.307676,15,16.59375,7265.5
1785156787.307676,15,19.84375,9128.25
1785156787.307676,15,21.484375,9043.25
1785156787.307676,15,23.109375,8982.5
1785156787.307676,15,24.75,8947.5
1785156787.307676,15,45.921875,107.25
1785156787.307676,15,49.171875,105.25
1785156787.307676,13,197.328125,1696.75
1785156787.307676,15,200.671875,1698.5
1785156787.307676,15,202.265625,1713.0
1785156787.307676,9,226.265625,3645.5
1785156787.307676,6,229.578125,3438.25
1785156787.307676,13,232.875,3238.25
1785156787.307676,15,234.53125,3161.0
1785156787.307676,12,236.171875,3086.25
1785156787.307676,15,237.8125,3009.5
1785156787.307676,15,241.125,2850.5
1785156787.307676,15,251.015625,2607.5
1785156787.307676,14,252.65625,2575.5
1785156787.307676,13,254.3125,2546.5
1785156787.307676,15,255.984375,2522.25
1785156787.307676,15,259.25,2504.5
1785156787.307676,15,260.875,2484.25
1785156787.307676,10,262.53125,2468.5
1785156787.307676,11,264.171875,2456.0
1785156787.307676,15,265.796875,2446.0
1785156787.307676,12,267.453125,2444.5
1785156787.307676,10,269.109375,2441.75
1785156787.307676,10,270.734375,2438.5
1785156787.307676,15,272.359375,2430.25
1785156787.307676,15,274.0,2422.25
1785156787.307676,15,275.5625,2416.75
1785156787.307676,15,277.203125,2417.5
1785156787.307676,13,278.828125,2430.0
1785156787.307676,12,280.484375,2436.0
1785156787.307676,13,282.109375,2436.5
1785156787.307676,10,283.734375,2442.25
1785156787.307676,9,285.375,2449.5
1785156787.307676,9,286.984375,2466.0
1785156787.307676,15,288.65625,2487.25
1785156787.307676,15,290.25,2501.75
1785156787.307676,15,291.90625,2516.25
1785156787.307676,7,293.5,2536.75
1785156787.307676,15,295.15625,2567.25
1785156787.307676,10,296.765625,2602.5
1785156787.307676,7,298.390625,2635.5
1785156787.307676,15,300.125,2670.75
1785156787.307676,14,301.75,2698.0
1785156787.307676,9,303.34375,2720.75
1785156787.307676,9,305.0,2749.25
1785156787.307676,12,306.625,2795.75
1785156787.307676,10,308.234375,2850.25
1785156787.307676,12,309.875,2914.25
1785156787.307676,14,311.53125,2967.0
1785156787.307676,15,313.15625,2999.0
1785156787.307676,12,314.78125,3057.5
1785156787.307676,15,316.390625,3117.25
1785156787.307676,15,324.609375,3518.0
1785156787.307676,15,332.9375,2732.25
1785156787.307676,15,334.53125,2804.25
1785156787.307676,15,336.21875,2857.25
1785156787.307676,15,337.859375,2834.0
1785156787.307676,15,339.5,2785.5
1785156787.307676,15,341.15625,2760.75
1785156787.307676,15,342.78125,2762.25
1785156787.5336988,7,2.15625,11858.75
1785156787.5336988,11,3.796875,11831.0
1785156787.5336988,15,5.4375,11739.0
1785156787.5336988,10,7.078125,11684.0
1785156787.5336988,15,10.359375,8101.75
1785156787.5336988,15,12.0,8045.5
1785156787.5336988,15,18.53125,9247.75
1785156787.5336988,15,20.171875,9165.5
1785156787.5336988,15,21.796875,9117.5
1785156787.5336988,15,23.4375,9081.75
1785156787.5336988,15,25.0625,9052.75
1785156787.5336988,15,47.0625,106.5
1785156787.5336988,15,48.953125,104.75
1785156787.5336988,15,50.40625,102.0
1785156787.5336988,8,159.15625,13863.0
1785156787.5336988,15,195.828125,1693.5
1785156787.5336988,15,197.484375,1675.25
1785156787.5336988,15,200.765625,1676.0
1785156787.5336988,8,224.796875,3629.25
1785156787.5336988,15,229.8125,3329.25
1785156787.5336988,15,233.109375,3165.75
1785156787.5336988,12,234.765625,3097.5
1785156787.5336988,15,236.375,3034.25
1785156787.5336988,15,239.703125,2868.0
1785156787.5336988,14,241.328125,2787.5
1785156787.5336988,14,251.203125,2543.5
1785156787.5336988,15,252.828125,2523.0
1785156787.5336988,12,254.5,2493.25
1785156787.5336988,15,256.109375,2465.25
1785156787.5336988,15,261.03125,2442.75
1785156787.5336988,14,262.6875,2401.75
1785156787.5336988,15,264.296875,2392.0
1785156787.5336988,15,265.9375,2397.0
1785156787.5336988,15,267.609375,2385.5
1785156787.5336988,6,269.234375,2378.5
1785156787.5336988,11,270.84375,2362.75
1785156787.5336988,11,272.515625,2353.0
1785156787.5336988,7,274.125,2355.25
1785156787.5336988,8,275.734375,2355.25
1785156787.5336988,10,277.34375,2352.5
1785156787.5336988,10,278.96875,2352.5
1785156787.5336988,8,280.609375,2359.75
1785156787.5336988,6,282.234375,2376.75
1785156787.5336988,15,283.84375,2402.25
1785156787.5336988,12,285.5,2426.5
1785156787.5336988,10,287.125,2438.75
1785156787.5336988,11,288.75,2441.0
1785156787.5336988,9,290.375,2448.25
1785156787.5336988,6,292.015625,2462.5
1785156787.5336988,15,293.625,2486.75
1785156787.5336988,15,295.28125,2515.75
1785156787.5336988,7,296.875,2543.0
1785156787.5336988,15,298.65625,2571.75
1785156787.5336988,13,300.28125,2610.0
1785156787.5336988,7,301.921875,2652.0
1785156787.5336988,15,303.515625,2688.0
1785156787.5336988,12,305.171875,2719.25
1785156787.5336988,9,306.796875,2750.0
1785156787.5336988,13,308.4375,2811.75
1785156787.5336988,4,310.046875,2879.5
1785156787.5336988,14,311.6875,2933.5
1785156787.5336988,10,313.3125,2988.0
1785156787.5336988,12,314.953125,3058.75
1785156787.5336988,12,316.59375,3136.75
1785156787.5336988,9,318.1875,3217.0
1785156787.5336988,11,319.84375,3270.0
1785156787.5336988,15,336.359375,2836.0
1785156787.5336988,15,338.015625,2856.25
1785156787.5336988,15,339.6875,2832.75
1785156787.5336988,15,341.3125,2776.25
1785156787.5336988,15,342.953125,2749.25
1785156787.5336988,15,344.609375,2746.5
1785156787.6446226,11,357.296875,10074.25
1785156787.6446226,10,2.1875,11773.75
1785156787.6446226,12,3.828125,11803.5
1785156787.6446226,13,5.46875,11681.5
1785156787.6446226,12,7.109375,11694.25
1785156787.6446226,15,10.40625,8111.75
1785156787.6446226,15,12.03125,8051.5
1785156787.6446226,15,13.671875,7995.25
1785156787.6446226,15,18.546875,9244.75
1785156787.6446226,15,20.1875,9165.25
1785156787.6446226,15,21.8125,9132.5
1785156787.6446226,15,23.453125,9143.5
1785156787.6446226,15,25.078125,9148.75
1785156787.6446226,15,47.125,106.5
1785156787.6446226,15,48.578125,104.75
1785156787.6446226,15,50.46875,101.75
1785156787.6446226,15,200.828125,1675.0
1785156787.6446226,13,226.5625,3455.75
1785156787.6446226,11,229.890625,3235.75
1785156787.6446226,15,231.53125,3169.5
1785156787.6446226,11,233.171875,3102.5
1785156787.6446226,15,234.8125,3038.5
1785156787.6446226,10,236.453125,2983.5
1785156787.6446226,14,241.390625,2755.0
1785156787.6446226,12,251.21875,2542.25
1785156787.6446226,15,252.890625,2520.75
1785156787.6446226,11,254.484375,2486.5
1785156787.6446226,15,256.125,2464.25
1785156787.6446226,15,261.0625,2442.5
1785156787.6446226,15,262.703125,2404.5
1785156787.6446226,13,264.296875,2403.5
1785156787.6446226,15,265.96875,2406.75
1785156787.6446226,15,267.578125,2385.75
1785156787.6446226,8,269.21875,2379.0
1785156787.6446226,7,270.890625,2365.25
1785156787.6446226,8,272.5,2361.75
1785156787.6446226,11,274.140625,2362.25
1785156787.6446226,8,275.765625,2357.5
1785156787.6446226,10,277.390625,2355.0
1785156787.6446226,6,278.984375,2355.0
1785156787.6446226,8,280.609375,2363.75
1785156787.6446226,15,282.234375,2380.25
1785156787.6446226,15,283.875,2404.25
1785156787.6446226,15,285.484375,2426.25
1785156787.6446226,10,287.15625,2438.0
1785156787.6446226,10,288.78125,2441.25
1785156787.6446226,9,290.390625,2449.5
1785156787.6446226,15,292.015625,2476.5
1785156787.6446226,15,293.65625,2501.0
1785156787.6446226,9,295.265625,2519.25
1785156787.6446226,15,296.890625,2546.5
1785156787.6446226,15,298.640625,2584.75
1785156787.6446226,7,300.28125,2623.0
1785156787.6446226,15,301.921875,2665.0
1785156787.6446226,12,303.53125,2700.25
1785156787.6446226,8,305.140625,2733.75
1785156787.6446226,14,306.8125,2781.5
1785156787.6446226,13,308.421875,2829.75
1785156787.6446226,10,310.0625,2882.25
1785156787.6446226,15,311.703125,2936.25
1785156787.6446226,10,313.328125,2987.75
1785156787.6446226,11,314.96875,3045.0
1785156787.6446226,10,316.59375,3106.5
1785156787.6446226,10,318.21875,3177.0
1785156787.6446226,15,337.984375,2830.75
1785156787.6446226,15,342.921875,2751.5
1785156787.6446226,15,344.546875,2739.25
1785156787.6446226,15,346.203125,2760.25
1785156787.8712506,12,357.265625,9955.5
1785156787.8712506,8,358.90625,10200.25
1785156787.8712506,14,5.4375,11801.75
1785156787.8712506,12,7.09375,11840.75
1785156787.8712506,15,12.03125,8102.25
1785156787.8712506,15,13.6875,8009.25
1785156787.8712506,11,15.3125,7899.75
1785156787.8712506,15,18.5625,9262.5
1785156787.8712506,15,20.203125,9217.5
1785156787.8712506,15,21.84375,9177.5
1785156787.8712506,15,23.46875,9172.75
1785156787.8712506,15,25.109375,9185.5
1785156787.8712506,15,46.109375,106.5
1785156787.8712506,15,48.0625,104.75
1785156787.8712506,15,51.671875,101.75
1785156787.8712506,15,194.28125,1715.0
1785156787.8712506,15,195.890625,1674.75
1785156787.8712506,15,197.578125,1658.5
1785156787.8712506,15,199.1875,1658.0
1785156787.8712506,15,200.8125,1665.75
1785156787.8712506,12,229.796875,3266.0
1785156787.8712506,13,231.4375,3204.5
1785156787.8712506,14,234.75,3061.0
1785156787.8712506,15,236.390625,3011.0
1785156787.8712506,15,238.03125,2931.0
1785156787.8712506,15,239.6875,2849.75
1785156787.8712506,15,241.328125,2772.75
1785156787.8712506,12,242.96875,2707.75
1785156787.8712506,14,252.765625,2481.5
1785156787.8712506,14,254.421875,2457.0
1785156787.8712506,15,256.078125,2427.75
1785156787.8712506,15,257.6875,2402.0
1785156787.8712506,10,260.96875,2395.5
1785156787.8712506,15,262.59375,2370.0
1785156787.8712506,13,264.265625,2341.5
1785156787.8712506,11,265.890625,2337.5
1785156787.8712506,15,267.5,2325.75
1785156787.8712506,15,269.171875,2314.0
1785156787.8712506,15,270.78125,2304.0
1785156787.8712506,15,272.390625,2293.25
1785156787.8712506,15,274.03125,2288.25
1785156787.8712506,15,275.734375,2284.25
1785156787.8712506,15,277.390625,2282.25
1785156787.8712506,15,279.0,2284.5
1785156787.8712506,15,280.640625,2286.0
1785156787.8712506,15,282.25,2290.75
1785156787.8712506,15,283.90625,2299.0
1785156787.8712506,15,285.53125,2313.0
1785156787.8712506,8,287.15625,2329.0
1785156787.8712506,15,288.8125,2343.0
1785156787.8712506,7,290.421875,2356.75
1785156787.8712506,15,292.0625,2379.5
1785156787.8712506,15,293.65625,2405.0
1785156787.8712506,15,295.3125,2423.5
1785156787.8712506,8,296.953125,2437.25
1785156787.8712506,6,298.640625,2455.0
1785156787.8712506,15,300.28125,2492.0
1785156787.8712506,7,301.90625,2536.25
1785156787.8712506,15,303.53125,2576.25
1785156787.8712506,11,305.171875,2616.0
1785156787.8712506,14,306.796875,2661.0
1785156787.8712506,15,308.453125,2707.25
1785156787.8712506,9,310.046875,2753.5
1785156787.8712506,15,311.671875,2814.0
1785156787.8712506,11,313.328125,2886.0
1785156787.8712506,15,314.953125,2954.25
1785156787.8712506,5,316.5625,3017.25
1785156787.8712506,12,318.21875,3085.75
1785156787.8712506,15,339.578125,2822.25
1785156787.8712506,15,344.5,2742.5
1785156787.8712506,15,346.171875,2735.25
1785156787.8712506,15,347.78125,2750.5
1785156788.0962803,15,357.25,9810.25
1785156788.0962803,15,358.890625,9999.25
1785156788.0962803,11,5.4375,11827.0
1785156788.0962803,15,7.078125,11785.25
1785156788.0962803,12,8.71875,11709.25
1785156788.0962803,13,10.28125,11609.25
1785156788.0962803,15,13.609375,8106.5
1785156788.0962803,15,15.25,8002.25
1785156788.0962803,15,20.140625,9274.75
1785156788.0962803,15,21.765625,9223.75
1785156788.0962803,15,23.390625,9189.0
1785156788.0962803,15,25.03125,9144.75
1785156788.0962803,15,47.578125,107.0
1785156788.0962803,15,48.71875,105.25
1785156788.0962803,9,175.40625,14255.5
1785156788.0962803,15,197.515625,1638.5
1785156788.0962803,15,199.125,1639.5
1785156788.0962803,15,200.734375,1650.75
1785156788.0962803,8,216.53125,4172.0
1785156788.0962803,15,229.71875,3155.5
1785156788.0962803,15,231.359375,3081.0
1785156788.0962803,15,233.03125,3002.5
1785156788.0962803,15,234.65625,2925.75
1785156788.0962803,15,236.3125,2858.25
1785156788.0962803,14,237.953125,2789.25
1785156788.0962803,15,239.609375,2710.5
1785156788.0962803,15,241.25,2649.5
1785156788.0962803,13,242.875,2600.75
1785156788.0962803,15,246.1875,2539.0
1785156788.0962803,15,252.765625,2424.5
1785156788.0962803,15,254.421875,2398.25
1785156788.0962803,15,256.078125,2374.25
1785156788.0962803,12,257.6875,2354.25
1785156788.0962803,11,262.609375,2344.25
1785156788.0962803,15,264.25,2320.0
1785156788.0962803,10,265.890625,2314.5
1785156788.0962803,13,267.5,2324.75
1785156788.0962803,15,269.171875,2314.25
1785156788.0962803,15,270.8125,2304.5
1785156788.0962803,15,272.421875,2296.75
1785156788.0962803,15,274.09375,2291.75
1785156788.0962803,15,275.65625,2296.0
1785156788.0962803,15,277.296875,2303.0
1785156788.0962803,15,278.90625,2302.5
1785156788.0962803,10,280.578125,2309.25
1785156788.0962803,9,282.203125,2329.75
1785156788.0962803,15,283.796875,2340.75
1785156788.0962803,5,285.46875,2356.5
1785156788.0962803,15,287.078125,2386.25
1785156788.0962803,15,288.671875,2409.25
1785156788.0962803,15,290.3125,2427.0
1785156788.0962803,11,291.96875,2438.25
1785156788.0962803,9,293.578125,2449.5
1785156788.0962803,15,295.234375,2469.25
1785156788.0962803,15,296.859375,2499.0
1785156788.0962803,15,298.46875,2524.5
1785156788.0962803,15,300.15625,2553.25
1785156788.0962803,15,301.796875,2596.5
1785156788.0962803,8,303.4375,2634.25
1785156788.0962803,15,305.0625,2682.5
1785156788.0962803,11,306.6875,2723.75
1785156788.0962803,9,308.3125,2768.75
1785156788.0962803,10,309.921875,2826.0
1785156788.0962803,5,311.5625,2872.0
1785156788.0962803,13,313.1875,2932.25
1785156788.0962803,5,314.78125,3004.75
1785156788.0962803,11,316.421875,3078.5
1785156788.0962803,9,318.0625,3145.75
1785156788.0962803,8,319.671875,3221.0
1785156788.0962803,8,326.203125,3625.0
1785156788.0962803,15,341.078125,2799.5
1785156788.0962803,15,346.015625,2758.75
1785156788.0962803,15,347.65625,2731.25
1785156788.0962803,15,349.296875,2744.25
1785156788.2089136,13,358.765625,9902.75
1785156788.2089136,15,6.9375,11742.5
1785156788.2089136,10,8.578125,11852.75
1785156788.2089136,15,13.46875,8179.0
1785156788.2089136,15,15.125,8070.0
1785156788.2089136,15,18.34375,9390.0
1785156788.2089136,15,20.0,9281.25
1785156788.2089136,15,21.625,9222.5
1785156788.2089136,15,23.25,9211.75
1785156788.2089136,15,24.890625,9201.25
1785156788.2089136,15,46.703125,107.0
1785156788.2089136,15,49.203125,105.25
1785156788.2089136,15,50.46875,102.25
1785156788.2089136,15,197.5,1644.5
1785156788.2089136,15,199.078125,1638.75
1785156788.2089136,15,200.765625,1649.5
1785156788.2089136,9,223.109375,3632.75
1785156788.2089136,14,229.734375,3200.5
1785156788.2089136,15,233.03125,3029.75
1785156788.2089136,13,236.359375,2892.25
1785156788.2089136,13,238.015625,2829.5
1785156788.2089136,15,239.640625,2749.25
1785156788.2089136,15,241.28125,2682.75
1785156788.2089136,15,242.953125,2632.0
1785156788.2089136,15,254.5,2406.0
1785156788.2089136,8,256.15625,2383.5
1785156788.2089136,15,257.796875,2346.0
1785156788.2089136,15,262.71875,2331.0
1785156788.2089136,15,264.375,2318.5
1785156788.2089136,15,266.03125,2300.25
1785156788.2089136,15,267.640625,2298.25
1785156788.2089136,13,269.3125,2297.75
1785156788.2089136,15,270.9375,2287.5
1785156788.2089136,15,272.5625,2274.25
1785156788.2089136,15,274.21875,2271.25
1785156788.2089136,15,275.78125,2272.0
1785156788.2089136,15,277.421875,2271.5
1785156788.2089136,15,279.046875,2274.5
1785156788.2089136,15,280.671875,2280.0
1785156788.2089136,15,282.3125,2285.25
1785156788.2089136,15,283.96875,2293.5
1785156788.2089136,15,285.578125,2305.75
1785156788.2089136,8,287.203125,2327.0
1785156788.2089136,9,288.84375,2352.5
1785156788.2089136,6,290.453125,2374.25
1785156788.2089136,15,292.078125,2400.5
1785156788.2089136,9,293.703125,2428.0
1785156788.2089136,9,295.359375,2443.0
1785156788.2089136,9,296.96875,2451.75
1785156788.2089136,15,298.703125,2471.5
1785156788.2089136,9,300.296875,2510.0
1785156788.2089136,6,301.96875,2543.25
1785156788.2089136,15,303.578125,2581.0
1785156788.2089136,8,305.21875,2626.75
1785156788.2089136,12,306.859375,2655.0
1785156788.2089136,15,308.46875,2693.0
1785156788.2089136,6,310.109375,2749.5
1785156788.2089136,9,311.75,2775.25
1785156788.2089136,4,314.984375,2890.25
1785156788.2089136,12,316.640625,2948.0
1785156788.2089136,10,318.234375,3026.75
1785156788.2089136,12,319.875,3096.5
1785156788.2089136,15,341.34375,2795.75
1785156788.2089136,15,344.578125,2978.75
1785156788.2089136,15,347.875,2730.5
1785156788.2089136,15,349.53125,2727.25
1785156788.4336958,15,351.328125,2747.5
1785156788.4336958,15,359.171875,9827.25
1785156788.4336958,14,0.8125,10043.25
1785156788.4336958,13,9.0,11776.0
1785156788.4336958,12,10.546875,11694.25
1785156788.4336958,10,12.1875,11589.5
1785156788.4336958,15,17.125,9390.0
1785156788.4336958,15,18.765625,9367.75
1785156788.4336958,15,20.390625,9338.0
1785156788.4336958,15,22.03125,9266.5
1785156788.4336958,15,23.671875,9247.75
1785156788.4336958,15,25.296875,9241.0
1785156788.4336958,15,47.9375,106.5
1785156788.4336958,15,51.953125,101.5
1785156788.4336958,14,159.375,11512.5
1785156788.4336958,15,170.84375,12132.25
1785156788.4336958,7,178.96875,14603.75
1785156788.4336958,15,196.125,1626.5
1785156788.4336958,15,197.734375,1611.0
1785156788.4336958,15,199.421875,1613.5
1785156788.4336958,14,226.84375,3218.5
1785156788.4336958,15,230.140625,3054.5
1785156788.4336958,9,231.796875,2984.0
1785156788.4336958,12,233.4375,2909.75
1785156788.4336958,13,235.078125,2847.0
1785156788.4336958,15,236.71875,2790.0
1785156788.4336958,15,238.375,2742.25
1785156788.4336958,15,240.03125,2683.0
1785156788.4336958,15,241.671875,2625.0
1785156788.4336958,13,243.328125,2577.0
1785156788.4336958,15,246.609375,2522.0
1785156788.4336958,10,254.765625,2393.5
1785156788.4336958,10,256.375,2359.0
1785156788.4336958,15,258.03125,2332.25
1785156788.4336958,13,259.65625,2321.25
1785156788.4336958,15,264.609375,2293.5
1785156788.4336958,15,266.203125,2270.0
1785156788.4336958,15,267.84375,2267.5
1785156788.4336958,15,269.46875,2255.0
1785156788.4336958,15,271.125,2238.75
1785156788.4336958,12,272.75,2233.75
1785156788.4336958,11,274.390625,2235.0
1785156788.4336958,9,276.015625,2235.0
1785156788.4336958,12,277.640625,2233.75
1785156788.4336958,9,279.265625,2231.0
1785156788.4336958,13,280.890625,2236.5
1785156788.4336958,13,282.5,2247.0
1785156788.4336958,15,284.15625,2253.75
1785156788.4336958,15,285.8125,2257.75
1785156788.4336958,15,287.453125,2271.75
1785156788.4336958,15,289.03125,2291.75
1785156788.4336958,10,290.65625,2316.5
1785156788.4336958,8,292.3125,2338.75
1785156788.4336958,9,293.90625,2364.0
1785156788.4336958,15,295.546875,2402.25
1785156788.4336958,15,297.15625,2426.25
1785156788.4336958,7,298.9375,2441.0
1785156788.4336958,7,300.578125,2457.0
1785156788.4336958,15,302.1875,2491.25
1785156788.4336958,7,303.84375,2534.0
1785156788.4336958,15,305.4375,2576.25
1785156788.4336958,14,307.078125,2623.25
1785156788.4336958,15,308.71875,2669.0
1785156788.4336958,10,310.34375,2710.25
1785156788.4336958,15,313.609375,2825.75
1785156788.4336958,15,315.234375,2877.75
1785156788.4336958,12,320.125,3118.25
1785156788.4336958,0,323.390625,3313.5
1785156788.4336958,11,325.03125,3414.75
1785156788.4336958,15,326.65625,3520.25
1785156788.4336958,15,343.1875,2783.0
1785156788.4336958,15,346.4375,2982.25
1785156788.4336958,15,349.703125,2729.25
1785156788.6593473,15,351.25,2724.75
1785156788.6593473,15,352.875,2738.75
1785156788.6593473,10,0.6875,9868.75
1785156788.6593473,8,7.21875,11576.25
1785156788.6593473,15,8.859375,11712.0
1785156788.6593473,11,10.484375,11737.5
1785156788.6593473,13,12.125,11681.75
1785156788.6593473,11,13.765625,11553.0
1785156788.6593473,15,18.703125,9552.5
1785156788.6593473,15,20.359375,9428.5
1785156788.6593473,15,22.0,9318.25
1785156788.6593473,15,23.625,9241.5
1785156788.6593473,15,25.265625,9231.75
1785156788.6593473,15,46.78125,106.5
1785156788.6593473,15,49.796875,104.75
1785156788.6593473,15,159.28125,11432.75
1785156788.6593473,8,177.28125,14433.75
1785156788.6593473,15,196.109375,1615.0
1785156788.6593473,15,197.6875,1605.0
1785156788.6593473,15,199.34375,1607.75
1785156788.6593473,15,225.078125,3183.5
1785156788.6593473,15,226.65625,3090.5
1785156788.6593473,15,229.9375,2906.75
1785156788.6593473,15,233.25,2751.25
1785156788.6593473,15,234.859375,2695.0
1785156788.6593473,15,236.515625,2634.75
1785156788.6593473,15,238.140625,2588.5
1785156788.6593473,15,239.8125,2537.0
1785156788.6593473,15,241.453125,2483.5
1785156788.6593473,15,243.09375,2448.0
1785156788.6593473,15,244.703125,2407.0
1785156788.6593473,15,246.375,2351.5
1785156788.6593473,15,248.03125,2322.5
1785156788.6593473,15,252.953125,2297.5
1785156788.6593473,15,254.59375,2260.5
1785156788.6593473,15,256.203125,2244.25
1785156788.6593473,15,257.859375,2229.5
1785156788.6593473,10,259.515625,2216.5
1785156788.6593473,15,282.390625,2230.75
1785156788.6593473,14,283.984375,2250.0
1785156788.6593473,15,285.625,2255.0
1785156788.6593473,15,287.28125,2265.75
1785156788.6593473,15,288.875,2291.25
1785156788.6593473,11,290.53125,2337.0
1785156788.6593473,8,292.140625,2379.5
1785156788.6593473,15,293.78125,2410.25
1785156788.6593473,9,295.40625,2434.5
1785156788.6593473,12,297.03125,2448.5
1785156788.6593473,15,298.71875,2471.5
1785156788.6593473,15,300.328125,2509.0
1785156788.6593473,8,301.984375,2540.75
1785156788.6593473,15,303.59375,2576.0
1785156788.6593473,13,305.21875,2613.75
1785156788.6593473,11,306.859375,2650.0
1785156788.6593473,12,310.125,2786.0
1785156788.6593473,15,311.75,2837.75
1785156788.6593473,11,313.34375,2894.75
1785156788.6593473,12,315.0,2936.0
1785156788.6593473,11,316.625,2989.5
1785156788.6593473,10,318.265625,3073.0
1785156788.6593473,15,342.984375,2810.0
1785156788.6593473,15,344.609375,2776.75
1785156788.6593473,15,347.84375,2966.5
1785156788.8833275,9,351.375,2759.25
1785156788.8833275,15,353.03125,2763.25
1785156788.8833275,15,359.21875,9406.75
1785156788.8833275,15,2.5,9946.5
1785156788.8833275,11,4.140625,10154.0
1785156788.8833275,13,10.609375,11618.5
1785156788.8833275,12,12.234375,11684.75
1785156788.8833275,13,13.875,11646.75
1785156788.8833275,15,18.8125,9590.0
1785156788.8833275,15,20.453125,9478.5
1785156788.8833275,15,22.09375,9417.5
1785156788.8833275,15,23.734375,9307.5
1785156788.8833275,15,25.359375,9244.75
1785156788.8833275,15,46.453125,106.25
1785156788.8833275,15,52.109375,101.25
1785156788.8833275,15,157.984375,11461.75
1785156788.8833275,15,159.625,11416.25
1785156788.8833275,15,193.1875,1617.25
1785156788.8833275,15,194.84375,1587.0
1785156788.8833275,15,196.453125,1578.5
1785156788.8833275,15,198.125,1583.0
1785156788.8833275,15,199.734375,1594.25
1785156788.8833275,15,223.765625,3220.75
1785156788.8833275,13,225.421875,3131.75
1785156788.8833275,14,227.0625,3055.25
1785156788.8833275,15,230.359375,2885.0
1785156788.8833275,15,232.0,2807.5
1785156788.8833275,15,233.6875,2741.75
1785156788.8833275,15,235.3125,2681.25
1785156788.8833275,15,236.953125,2628.5
1785156788.8833275,15,238.59375,2583.5
1785156788.8833275,15,240.25,2532.5
1785156788.8833275,15,241.90625,2484.75
1785156788.8833275,15,243.53125,2441.0
1785156788.8833275,15,245.203125,2396.25
1785156788.8833275,14,248.46875,2338.0
1785156788.8833275,15,253.4375,2278.5
1785156788.8833275,14,255.109375,2245.75
1785156788.8833275,11,256.71875,2230.5
1785156788.8833275,8,289.375,2231.25
1785156788.8833275,15,291.046875,2248.0
1785156788.8833275,15,292.65625,2268.75
1785156788.8833275,10,294.265625,2294.0
1785156788.8833275,8,295.921875,2324.0
1785156788.8833275,15,297.53125,2363.0
1785156788.8833275,15,299.265625,2403.5
1785156788.8833275,10,300.875,2430.75
1785156788.8833275,8,302.53125,2451.0
1785156788.8833275,15,304.140625,2487.75
1785156788.8833275,6,305.796875,2536.25
1785156788.8833275,15,307.421875,2588.25
1785156788.8833275,15,309.046875,2647.5
1785156788.8833275,15,310.671875,2701.0
1785156788.8833275,9,312.296875,2767.0
1785156788.8833275,13,313.9375,2813.5
1785156788.8833275,15,317.1875,2971.5
1785156788.8833275,15,345.1875,2759.75
1785156788.8833275,15,346.796875,2777.5
1785156788.8833275,15,348.46875,2760.5
1785156788.8833275,15,350.109375,2718.75
1785156789.109566,15,351.796875,2712.75
1785156789.109566,15,353.421875,2778.5
1785156789.109566,15,1.265625,9660.5
1785156789.109566,15,2.890625,9871.75
1785156789.109566,12,4.53125,10129.0
1785156789.109566,7,9.421875,11862.75
1785156789.109566,11,11.03125,11840.75
1785156789.109566,13,12.671875,11742.0
1785156789.109566,15,14.3125,11673.0
1785156789.109566,11,15.953125,11610.25
1785156789.109566,15,20.90625,9488.5
1785156789.109566,15,22.53125,9389.75
1785156789.109566,15,24.171875,9347.25
1785156789.109566,11,25.796875,9331.75
1785156789.109566,15,47.0,106.5
1785156789.109566,11,158.265625,11225.25
1785156789.109566,13,159.890625,11401.75
1785156789.109566,14,161.53125,11580.5
1785156789.109566,15,193.40625,1597.75
1785156789.109566,15,195.09375,1580.75
1785156789.109566,15,196.703125,1572.25
1785156789.109566,15,198.34375,1569.25
1785156789.109566,15,224.09375,3079.25
1785156789.109566,14,227.40625,2905.75
1785156789.109566,15,230.703125,2755.5
1785156789.109566,15,232.359375,2690.25
1785156789.109566,15,234.015625,2621.25
1785156789.109566,14,235.671875,2577.0
1785156789.109566,15,237.296875,2538.25
1785156789.109566,15,238.9375,2492.0
1785156789.109566,15,240.59375,2446.25
1785156789.109566,15,242.234375,2402.0
1785156789.109566,10,243.875,2358.0
1785156789.109566,10,245.5625,2316.5
1785156789.109566,15,248.84375,2265.25
1785156789.109566,10,273.296875,2104.75
1785156789.109566,12,274.921875,2103.75
1785156789.109566,15,294.421875,2263.25
1785156789.109566,15,296.015625,2286.5
1785156789.109566,6,297.65625,2319.75
1785156789.109566,7,299.453125,2353.25
1785156789.109566,15,301.078125,2392.25
1785156789.109566,10,302.6875,2434.5
1785156789.109566,7,304.34375,2453.75
1785156789.109566,15,305.984375,2481.5
1785156789.109566,15,307.578125,2538.25
1785156789.109566,15,309.21875,2596.5
1785156789.109566,12,310.828125,2660.5
1785156789.109566,10,312.484375,2723.0
1785156789.109566,15,314.125,2779.75
1785156789.109566,8,318.984375,3010.75
1785156789.109566,12,320.625,3092.5
1785156789.109566,15,346.921875,2754.75
1785156789.109566,15,348.578125,2726.25
1785156789.109566,15,350.234375,2670.0
1785156789.334798,15,351.859375,2694.75
1785156789.334798,15,353.515625,2702.5
1785156789.334798,15,356.75,2778.25
1785156789.334798,15,2.953125,9665.25
1785156789.334798,15,4.578125,9916.5
1785156789.334798,9,6.203125,10160.25
1785156789.334798,12,12.71875,11889.75
1785156789.334798,15,14.359375,11739.25
1785156789.334798,11,16.0,11619.5
1785156789.334798,10,17.640625,11416.0
1785156789.334798,15,20.9375,9615.25
1785156789.334798,15,22.5625,9515.0
1785156789.334798,15,24.203125,9442.5
1785156789.334798,15,47.421875,106.25
1785156789.334798,13,158.265625,11209.5
1785156789.334798,15,159.890625,11320.0
1785156789.334798,15,161.53125,11459.5
1785156789.334798,10,164.78125,13952.0
1785156789.334798,8,172.96875,12469.5
1785156789.334798,15,193.46875,1591.0
1785156789.334798,15,195.09375,1564.5
1785156789.334798,15,196.734375,1553.5
1785156789.334798,15,198.390625,1553.5
1785156789.334798,15,220.765625,3203.75
1785156789.334798,14,225.734375,2907.5
1785156789.334798,15,230.640625,2658.25
1785156789.334798,15,232.296875,2598.25
1785156789.334798,15,233.96875,2545.75
1785156789.334798,15,235.578125,2507.0
1785156789.334798,15,237.234375,2466.75
1785156789.334798,15,238.875,2418.5
1785156789.334798,15,240.53125,2364.25
1785156789.334798,15,242.171875,2316.75
1785156789.334798,15,243.828125,2278.0
1785156789.334798,15,245.46875,2238.0
1785156789.334798,15,258.609375,2080.25
1785156789.334798,15,260.234375,2070.5
1785156789.334798,15,261.890625,2070.5
1785156789.334798,13,266.765625,2066.0
1785156789.334798,15,268.40625,2065.5
1785156789.334798,15,270.0625,2051.75
1785156789.334798,15,271.65625,2055.25
1785156789.334798,15,273.328125,2073.75
1785156789.334798,15,274.953125,2072.5
1785156789.334798,9,276.578125,2071.5
1785156789.334798,9,278.234375,2075.75
1785156789.334798,10,279.859375,2081.5
1785156789.334798,10,281.5,2088.0
1785156789.334798,15,294.5,2245.25
1785156789.334798,15,296.15625,2271.0
1785156789.334798,9,297.78125,2316.5
1785156789.334798,15,299.484375,2358.5
1785156789.334798,15,301.09375,2392.25
1785156789.334798,11,302.734375,2430.0
1785156789.334798,10,304.359375,2450.25
1785156789.334798,15,305.96875,2482.75
1785156789.334798,12,307.609375,2519.5
1785156789.334798,15,309.21875,2568.5
1785156789.334798,15,310.859375,2640.5
1785156789.334798,11,312.515625,2693.0
1785156789.334798,8,314.140625,2749.75
1785156789.334798,15,315.765625,2818.75
1785156789.334798,12,317.375,2892.25
1785156789.334798,12,319.0,2959.25
1785156789.334798,9,322.265625,3131.25
1785156789.334798,10,323.890625,3218.75
1785156789.334798,8,327.140625,3423.75
1785156789.334798,15,348.5625,2746.0
1785156789.334798,15,350.203125,2716.5
1785156789.4457812,15,351.859375,2666.75
1785156789.4457812,15,353.46875,2658.75
1785156789.4457812,14,2.9375,9662.75
1785156789.4457812,12,4.578125,9869.5
1785156789.4457812,11,6.21875,10104.0
1785156789.4457812,13,12.734375,11623.25
1785156789.4457812,12,14.375,11809.25
1785156789.4457812,14,16.015625,11754.75
1785156789.4457812,10,17.65625,11585.25
1785156789.4457812,15,22.609375,9576.0
1785156789.4457812,15,24.25,9445.0
1785156789.4457812,15,47.46875,106.25
1785156789.4457812,12,158.34375,11144.0
1785156789.4457812,15,159.96875,11323.25
1785156789.4457812,15,161.609375,11541.0
1785156789.4457812,15,191.9375,1584.5
1785156789.4457812,15,193.578125,1555.25
1785156789.4457812,15,195.1875,1551.75
1785156789.4457812,15,196.84375,1549.5
1785156789.4457812,15,198.421875,1553.75
1785156789.4457812,15,222.59375,3014.75
1785156789.4457812,15,227.5,2759.0
1785156789.4457812,15,230.796875,2606.75
1785156789.4457812,15,232.484375,2549.5
1785156789.4457812,15,234.125,2506.25
1785156789.4457812,15,235.75,2468.25
1785156789.4457812,15,237.40625,2417.5
1785156789.4457812,15,239.0625,2368.0
1785156789.4457812,15,240.703125,2326.75
1785156789.4457812,15,242.359375,2285.0
1785156789.4457812,13,243.96875,2243.0
1785156789.4457812,15,257.140625,2031.5
1785156789.4457812,15,258.765625,2008.75
1785156789.4457812,15,260.390625,2004.5
1785156789.4457812,15,262.03125,2003.0
1785156789.4457812,15,263.671875,1983.5
1785156789.4457812,15,266.953125,1975.0
1785156789.4457812,15,268.609375,1986.5
1785156789.4457812,15,270.21875,1993.25
1785156789.4457812,15,271.875,1984.25
1785156789.4457812,15,273.5,1983.25
1785156789.4457812,15,275.09375,1997.25
1785156789.4457812,15,276.734375,2001.5
1785156789.4457812,15,278.375,2002.75
1785156789.4457812,15,280.0,2006.5
1785156789.4457812,15,281.671875,2016.75
1785156789.4457812,15,283.265625,2025.0
1785156789.4457812,15,284.921875,2030.75
1785156789.4457812,15,286.53125,2039.0
1785156789.4457812,11,288.15625,2058.75
1785156789.4457812,15,299.59375,2267.75
1785156789.4457812,14,301.234375,2306.0
1785156789.4457812,8,302.875,2342.5
1785156789.4457812,15,304.515625,2380.25
1785156789.4457812,15,306.125,2416.5
1785156789.4457812,15,307.78125,2451.75
1785156789.4457812,10,309.40625,2506.5
1785156789.4457812,7,311.03125,2562.0
1785156789.4457812,8,312.65625,2620.75
1785156789.4457812,12,314.28125,2695.0
1785156789.4457812,14,315.90625,2771.0
1785156789.4457812,10,317.515625,2837.75
1785156789.4457812,15,350.390625,2759.25
1785156789.671939,15,352.078125,2707.75
1785156789.671939,15,353.71875,2661.75
1785156789.671939,15,355.359375,2653.25
1785156789.671939,15,4.828125,9733.0
1785156789.671939,15,6.46875,9935.25
1785156789.671939,11,12.90625,11771.75
1785156789.671939,15,14.546875,11797.5
1785156789.671939,12,16.171875,11717.75
1785156789.671939,14,17.8125,11741.5
1785156789.671939,15,22.75,9633.5
1785156789.671939,15,24.375,9493.25
1785156789.671939,15,48.25,106.0
1785156789.671939,12,158.46875,11093.0
1785156789.671939,12,160.09375,11185.25
1785156789.671939,15,163.375,11618.25
1785156789.671939,15,192.0,1566.0
1785156789.671939,15,193.703125,1543.25
1785156789.671939,15,195.3125,1535.25
1785156789.671939,15,196.96875,1535.0
1785156789.671939,15,222.59375,3040.0
1785156789.671939,15,225.90625,2867.25
1785156789.671939,15,229.25,2691.0
1785156789.671939,15,230.90625,2623.75
1785156789.671939,15,232.53125,2562.5
1785156789.671939,15,234.1875,2509.25
1785156789.671939,15,235.828125,2465.0
1785156789.671939,15,237.484375,2413.75
1785156789.671939,14,239.140625,2364.75
1785156789.671939,15,240.765625,2322.0
1785156789.671939,15,242.453125,2279.5
1785156789.671939,11,244.046875,2237.5
1785156789.671939,15,255.609375,2069.75
1785156789.671939,15,257.265625,2035.75
1785156789.671939,15,258.921875,2021.0
1785156789.671939,15,260.546875,2008.5
1785156789.671939,15,262.1875,2004.0
1785156789.671939,15,263.84375,1999.25
1785156789.671939,15,268.734375,1999.25
1785156789.671939,15,270.375,2002.5
1785156789.671939,15,272.015625,2004.75
1785156789.671939,15,273.65625,2008.0
1785156789.671939,15,275.21875,2007.75
1785156789.671939,15,276.84375,2006.0
1785156789.671939,15,278.484375,2007.5
1785156789.671939,15,280.125,2014.75
1785156789.671939,15,281.734375,2022.5
1785156789.671939,15,283.375,2027.25
1785156789.671939,15,285.015625,2033.0
1785156789.671939,15,286.65625,2046.0
1785156789.671939,15,288.28125,2059.5
1785156789.671939,15,299.703125,2247.0
1785156789.671939,15,301.328125,2273.5
1785156789.671939,14,302.953125,2312.0
1785156789.671939,8,304.5625,2346.5
1785156789.671939,15,306.203125,2392.75
1785156789.671939,8,307.859375,2432.25
1785156789.671939,15,309.484375,2470.25
1785156789.671939,9,311.109375,2522.0
1785156789.671939,12,312.703125,2578.75
1785156789.671939,13,314.328125,2649.75
1785156789.671939,15,315.96875,2717.5
1785156789.671939,15,317.578125,2785.0
1785156789.671939,10,319.21875,2842.5
1785156789.671939,11,324.15625,3114.0
1785156789.671939,10,327.40625,3322.0
1785156789.671939,15,350.53125,2779.75
1785156789.897649,15,352.296875,2734.75
1785156789.897649,6,353.96875,2702.5
1785156789.897649,13,355.609375,2660.75
1785156789.897649,9,357.25,2657.5
1785156789.897649,15,0.484375,2821.5
1785156789.897649,11,8.3125,10097.0
1785156789.897649,15,14.796875,11834.25
1785156789.897649,13,16.4375,11743.75
1785156789.897649,12,18.0625,11651.75
1785156789.897649,11,19.703125,11597.25
1785156789.897649,15,24.640625,9598.25
1785156789.897649,15,46.453125,108.25
1785156789.897649,15,48.515625,105.75
1785156789.897649,10,158.65625,11120.75
1785156789.897649,11,160.296875,11194.0
1785156789.897649,15,161.921875,11260.0
1785156789.897649,15,163.546875,11483.25
1785156789.897649,15,197.015625,1520.5
1785156789.897649,15,203.453125,1785.75
1785156789.897649,15,226.125,2781.75
1785156789.897649,13,227.765625,2710.25
1785156789.897649,15,229.421875,2638.25
1785156789.897649,15,231.09375,2569.75
1785156789.897649,15,232.734375,2513.75
1785156789.897649,15,234.390625,2474.5
1785156789.897649,15,236.015625,2429.5
1785156789.897649,15,237.703125,2382.5
1785156789.897649,15,239.34375,2336.25
1785156789.897649,15,241.0,2293.75
1785156789.897649,15,242.640625,2255.25
1785156789.897649,10,244.28125,2221.75
1785156789.897649,15,255.78125,2050.5
1785156789.897649,15,257.40625,2022.0
1785156789.897649,15,259.03125,2006.5
1785156789.897649,15,260.703125,1993.0
1785156789.897649,15,262.34375,1981.0
1785156789.897649,15,263.953125,1971.0
1785156789.897649,15,265.609375,1968.5
1785156789.897649,15,270.5,1968.75
1785156789.897649,15,272.171875,1954.75
1785156789.897649,15,273.796875,1953.0
1785156789.897649,15,275.390625,1960.0
1785156789.897649,15,276.984375,1959.0
1785156789.897649,15,278.640625,1960.25
1785156789.897649,15,280.265625,1966.25
1785156789.897649,15,281.90625,1975.0
1785156789.897649,15,283.5,1980.75
1785156789.897649,15,285.171875,1987.5
1785156789.897649,15,286.78125,1994.5
1785156789.897649,15,288.421875,2007.75
1785156789.897649,15,290.046875,2023.5
1785156789.897649,15,291.640625,2039.5
1785156789.897649,11,293.296875,2061.0
1785156789.897649,15,303.15625,2256.75
1785156789.897649,15,304.765625,2276.0
1785156789.897649,10,306.421875,2313.5
1785156789.897649,9,308.046875,2352.25
1785156789.897649,15,309.671875,2394.75
1785156789.897649,8,311.296875,2435.25
1785156789.897649,15,312.9375,2487.0
1785156789.897649,15,314.546875,2556.75
1785156789.897649,7,316.15625,2624.25
1785156789.897649,15,317.796875,2691.25
1785156789.897649,8,319.421875,2751.0
1785156789.897649,9,321.0625,2803.5
1785156789.897649,9,325.984375,3123.25
1785156790.1210804,15,354.078125,2735.25
1785156790.1210804,8,355.703125,2696.25
1785156790.1210804,15,357.359375,2653.75
1785156790.1210804,8,359.0,2647.25
1785156790.1210804,15,2.25,2884.75
1785156790.1210804,15,8.46875,9922.25
1785156790.1210804,15,16.5625,11725.0
1785156790.1210804,7,18.203125,11867.0
1785156790.1210804,15,19.84375,11781.25
1785156790.1210804,13,21.484375,11548.0
1785156790.1210804,15,47.328125,107.5
1785156790.1210804,15,47.921875,105.5
1785156790.1210804,15,158.875,11073.5
1785156790.1210804,12,160.515625,11198.0
1785156790.1210804,15,162.140625,11355.5
1785156790.1210804,15,163.765625,11562.0
1785156790.1210804,15,190.796875,1537.75
1785156790.1210804,15,192.4375,1517.5
1785156790.1210804,15,194.09375,1512.0
1785156790.1210804,15,195.6875,1505.5
1785156790.1210804,15,197.359375,1514.25
1785156790.1210804,15,219.765625,3068.25
1785156790.1210804,14,224.75,2737.75
1785156790.1210804,15,226.390625,2671.5
1785156790.1210804,15,227.96875,2616.5
1785156790.1210804,15,229.609375,2554.5
1785156790.1210804,15,231.28125,2499.0
1785156790.1210804,15,232.890625,2448.0
1785156790.1210804,14,234.5625,2391.75
1785156790.1210804,15,236.203125,2344.75
1785156790.1210804,15,237.859375,2312.25
1785156790.1210804,15,239.5,2273.0
1785156790.1210804,13,241.109375,2233.25
1785156790.1210804,7,242.765625,2197.5
1785156790.1210804,15,247.703125,2085.75
1785156790.1210804,15,249.359375,2063.5
1785156790.1210804,15,251.0,2036.25
1785156790.1210804,15,260.8125,1956.0
1785156790.1210804,15,262.46875,1941.0
1785156790.1210804,15,264.078125,1937.25
1785156790.1210804,15,265.703125,1940.5
1785156790.1210804,15,270.59375,1941.5
1785156790.1210804,15,272.25,1936.75
1785156790.1210804,15,273.859375,1937.75
1785156790.1210804,15,275.5,1946.75
1785156790.1210804,15,277.125,1944.75
1785156790.1210804,15,278.765625,1936.0
1785156790.1210804,15,280.4375,1938.25
1785156790.1210804,15,282.03125,1952.75
1785156790.1210804,15,283.6875,1964.5
1785156790.1210804,15,285.28125,1971.75
1785156790.1210804,15,286.9375,1982.25
1785156790.1210804,15,288.546875,1996.0
1785156790.1210804,15,290.1875,2010.75
1785156790.1210804,15,291.796875,2034.5
1785156790.1210804,15,293.4375,2060.0
1785156790.1210804,15,303.28125,2258.0
1785156790.1210804,9,304.90625,2294.25
1785156790.1210804,6,306.5625,2344.25
1785156790.1210804,15,308.1875,2387.5
1785156790.1210804,10,309.84375,2426.25
1785156790.1210804,7,311.453125,2459.5
1785156790.1210804,8,313.078125,2514.75
1785156790.1210804,11,314.703125,2591.25
1785156790.1210804,13,316.328125,2649.25
1785156790.1210804,9,322.828125,2986.5
1785156790.3469641,15,355.765625,2735.5
1785156790.3469641,15,359.0625,2652.75
1785156790.3469641,8,0.671875,2653.0
1785156790.3469641,15,10.125,10008.5
1785156790.3469641,9,11.734375,10262.0
1785156790.3469641,12,16.625,11832.75
1785156790.3469641,13,18.265625,11858.5
1785156790.3469641,15,19.90625,11729.75
1785156790.3469641,12,21.546875,11665.5
1785156790.3469641,10,23.171875,11626.5
1785156790.3469641,15,46.90625,107.0
1785156790.3469641,15,48.46875,105.5
1785156790.3469641,11,158.90625,11158.75
1785156790.3469641,12,160.546875,11287.75
1785156790.3469641,15,162.171875,11363.25
1785156790.3469641,15,163.8125,11511.25
1785156790.3469641,15,165.453125,11626.5
1785156790.3469641,8,190.875,1522.25
1785156790.3469641,15,194.171875,1500.0
1785156790.3469641,15,195.8125,1495.5
1785156790.3469641,13,219.8125,3077.5
1785156790.3469641,15,224.8125,2737.5
1785156790.3469641,15,226.421875,2669.25
1785156790.3469641,15,228.0625,2608.5
1785156790.3469641,15,229.734375,2544.75
1785156790.3469641,15,233.015625,2408.75
1785156790.3469641,15,234.703125,2356.5
1785156790.3469641,15,236.328125,2308.0
1785156790.3469641,15,237.96875,2268.75
1785156790.3469641,15,244.5625,2096.75
1785156790.3469641,15,246.234375,2055.5
1785156790.3469641,15,247.84375,2020.75
1785156790.3469641,15,249.484375,2002.5
1785156790.3469641,15,251.15625,1985.0
1785156790.3469641,14,275.640625,1899.0
1785156790.3469641,13,277.3125,1924.5
1785156790.3469641,15,278.9375,1924.25
1785156790.3469641,15,280.5625,1928.75
1785156790.3469641,14,282.171875,1938.0
1785156790.3469641,15,283.828125,1944.0
1785156790.3469641,15,285.453125,1949.75
1785156790.3469641,15,287.046875,1960.0
1785156790.3469641,15,288.703125,1973.75
1785156790.3469641,15,290.296875,1989.5
1785156790.3469641,15,291.96875,2010.75
1785156790.3469641,15,293.59375,2028.25
1785156790.3469641,13,295.171875,2045.0
1785156790.3469641,15,305.0,2259.75
1785156790.3469641,9,306.65625,2300.5
1785156790.3469641,7,308.28125,2347.0
1785156790.3469641,15,309.890625,2394.75
1785156790.3469641,9,311.5,2432.5
1785156790.3469641,15,313.140625,2477.0
1785156790.3469641,6,314.765625,2543.5
1785156790.3469641,8,316.390625,2614.0
1785156790.3469641,13,318.0,2687.75
1785156790.3469641,8,319.640625,2756.5
1785156790.3469641,12,322.921875,2961.0
1785156790.3469641,15,326.1875,3136.0
1785156790.3469641,8,327.828125,3198.25
1785156790.4578478,15,355.8125,2739.75
1785156790.4578478,15,357.453125,2765.5
1785156790.4578478,15,0.78125,2626.5
1785156790.4578478,12,2.390625,2616.25
1785156790.4578478,10,11.71875,10113.0
1785156790.4578478,9,16.609375,11865.0
1785156790.4578478,11,18.234375,11857.25
1785156790.4578478,12,21.5,11776.75
1785156790.4578478,14,23.125,11672.5
1785156790.4578478,15,45.578125,107.75
1785156790.4578478,15,48.515625,105.5
1785156790.4578478,15,50.125,102.75
1785156790.4578478,15,158.828125,11042.5
1785156790.4578478,13,160.453125,11190.25
1785156790.4578478,15,162.09375,11368.25
1785156790.4578478,15,163.71875,11506.75
1785156790.4578478,15,165.359375,11625.5
1785156790.4578478,15,192.40625,1489.75
1785156790.4578478,15,194.03125,1489.75
1785156790.4578478,15,195.640625,1489.25
1785156790.4578478,11,218.078125,3157.0
1785156790.4578478,15,226.328125,2653.75
1785156790.4578478,15,227.984375,2594.25
1785156790.4578478,15,229.640625,2538.25
1785156790.4578478,15,232.953125,2410.75
1785156790.4578478,15,234.5625,2358.25
1785156790.4578478,15,236.203125,2310.25
1785156790.4578478,15,237.859375,2280.5
1785156790.4578478,12,239.515625,2241.25
1785156790.4578478,15,246.125,2078.25
1785156790.4578478,15,247.765625,2032.5
1785156790.4578478,15,249.390625,2003.25
1785156790.4578478,15,251.03125,1985.25
1785156790.4578478,15,252.703125,1958.25
1785156790.4578478,9,257.640625,1929.5
1785156790.4578478,8,262.5625,1889.0
1785156790.4578478,14,264.1875,1859.75
1785156790.4578478,9,265.84375,1858.5
1785156790.4578478,12,267.46875,1861.75
1785156790.4578478,15,273.984375,1860.75
1785156790.4578478,15,286.953125,1934.5
1785156790.4578478,15,288.578125,1947.5
1785156790.4578478,15,290.203125,1956.0
1785156790.4578478,15,291.828125,1971.5
1785156790.4578478,15,293.4375,1991.0
1785156790.4578478,15,295.046875,2019.25
1785156790.4578478,15,296.703125,2044.25
1785156790.4578478,8,298.328125,2072.25
1785156790.4578478,15,306.546875,2263.5
1785156790.4578478,15,308.171875,2290.25
1785156790.4578478,7,309.796875,2329.75
1785156790.4578478,12,313.046875,2439.75
1785156790.4578478,15,316.296875,2555.25
1785156790.4578478,10,317.90625,2622.5
1785156790.4578478,12,321.15625,2792.0
1785156790.6846633,15,353.8125,7987.75
1785156790.6846633,15,355.4375,8084.25
1785156790.6846633,15,359.0625,2768.75
1785156790.6846633,8,2.375,2641.0
1785156790.6846633,14,3.984375,2636.25
1785156790.6846633,9,5.625,2645.5
1785156790.6846633,8,13.375,10244.5
1785156790.6846633,15,19.90625,11780.0
1785156790.6846633,15,21.53125,11771.25
1785156790.6846633,11,23.171875,11737.0
1785156790.6846633,15,24.8125,11561.25
1785156790.6846633,15,46.546875,107.75
1785156790.6846633,15,48.890625,105.5
1785156790.6846633,13,158.984375,11053.0
1785156790.6846633,15,160.625,11156.0
1785156790.6846633,15,162.25,11197.0
1785156790.6846633,15,163.875,11308.0
1785156790.6846633,14,165.515625,11523.75
1785156790.6846633,15,190.96875,1488.25
1785156790.6846633,15,194.234375,1479.25
1785156790.6846633,15,195.859375,1477.75
1785156790.6846633,15,202.296875,1727.75
1785156790.6846633,15,219.890625,3072.25
1785156790.6846633,13,224.859375,2734.5
1785156790.6846633,15,226.5625,2657.25
1785156790.6846633,15,228.203125,2583.75
1785156790.6846633,15,229.859375,2514.0
1785156790.6846633,15,231.53125,2450.25
1785156790.6846633,15,233.15625,2389.75
1785156790.6846633,15,234.84375,2335.5
1785156790.6846633,15,236.484375,2293.25
1785156790.6846633,15,238.109375,2259.0
1785156790.6846633,9,239.78125,2221.5
1785156790.6846633,15,244.734375,2089.5
1785156790.6846633,15,246.359375,2054.75
1785156790.6846633,15,248.015625,2019.75
1785156790.6846633,15,249.65625,1985.75
1785156790.6846633,15,251.28125,1957.75
1785156790.6846633,15,252.921875,1936.25
1785156790.6846633,15,266.015625,1848.0
1785156790.6846633,15,267.703125,1845.75
1785156790.6846633,15,274.25,1846.5
1785156790.6846633,8,279.09375,1859.5
1785156790.6846633,13,280.71875,1869.25
1785156790.6846633,11,288.84375,1896.25
1785156790.6846633,15,290.453125,1933.25
1785156790.6846633,15,292.09375,1945.5
1785156790.6846633,15,293.734375,1961.25
1785156790.6846633,15,295.375,1980.25
1785156790.6846633,15,297.0,2002.5
1785156790.6846633,15,298.734375,2031.5
1785156790.6846633,10,300.359375,2066.25
1785156790.6846633,15,306.875,2235.0
1785156790.6846633,15,308.5,2271.5
1785156790.6846633,9,310.109375,2313.0
1785156790.6846633,15,311.78125,2365.0
1785156790.6846633,11,313.375,2418.25
1785156790.6846633,15,315.03125,2464.5
1785156790.6846633,7,316.671875,2517.75
1785156790.6846633,15,318.265625,2587.25
1785156790.6846633,12,319.90625,2666.5
1785156790.6846633,11,324.8125,2976.5
1785156790.6846633,7,328.0625,3159.5
1785156790.9098141,15,352.375,7714.75
1785156790.9098141,15,354.015625,7820.25
1785156790.9098141,15,355.65625,7971.75
1785156790.9098141,15,359.296875,2746.75
1785156790.9098141,15,0.921875,2779.75
1785156790.9098141,6,4.203125,2632.0
1785156790.9098141,15,5.828125,2633.0
1785156790.9098141,7,7.484375,2641.25
1785156790.9098141,9,18.5,11807.25
1785156790.9098141,14,20.140625,11898.0
1785156790.9098141,13,21.78125,11836.5
1785156790.9098141,13,23.421875,11719.25
1785156790.9098141,15,25.0625,11563.0
1785156790.9098141,15,47.203125,106.75
1785156790.9098141,15,48.796875,104.75
1785156790.9098141,15,51.625,102.0
1785156790.9098141,15,159.046875,11033.25
1785156790.9098141,13,160.671875,11104.0
1785156790.9098141,14,162.3125,11189.75
1785156790.9098141,15,165.59375,11606.75
1785156790.9098141,15,167.21875,11576.75
1785156790.9098141,9,172.09375,14338.75
1785156790.9098141,15,189.359375,1486.5
1785156790.9098141,15,191.03125,1473.0
1785156790.9098141,15,192.640625,1468.0
1785156790.9098141,15,194.28125,1463.5
1785156790.9098141,12,224.90625,2733.5
1785156790.9098141,15,226.546875,2656.25
1785156790.9098141,15,228.15625,2587.0
1785156790.9098141,15,229.796875,2531.0
1785156790.9098141,15,233.078125,2396.75
1785156790.9098141,15,234.734375,2336.5
1785156790.9098141,15,236.390625,2294.0
1785156790.9098141,15,238.0,2258.0
1785156790.9098141,13,239.640625,2219.75
1785156790.9098141,15,244.5625,2095.75
1785156790.9098141,15,246.21875,2054.0
1785156790.9098141,15,247.859375,2019.25
1785156790.9098141,15,249.5,1990.25
1785156790.9098141,15,251.15625,1955.5
1785156790.9098141,13,252.8125,1928.25
1785156790.9098141,10,264.296875,1859.75
1785156790.9098141,10,265.875,1852.5
1785156790.9098141,15,267.5625,1845.0
1785156790.9098141,15,269.203125,1842.25
1785156790.9098141,12,285.53125,1930.25
1785156790.9098141,15,287.15625,1940.25
1785156790.9098141,15,288.796875,1949.5
1785156790.9098141,15,290.4375,1966.0
1785156790.9098141,15,292.046875,1987.75
1785156790.9098141,15,293.6875,2007.75
1785156790.9098141,15,295.3125,2035.0
1785156790.9098141,9,296.9375,2070.0
1785156790.9098141,14,303.515625,2233.5
1785156790.9098141,15,305.125,2273.25
1785156790.9098141,15,306.765625,2314.75
1785156790.9098141,8,308.390625,2358.25
1785156790.9098141,13,310.03125,2407.5
1785156790.9098141,15,311.65625,2462.25
1785156790.9098141,10,313.28125,2514.0
1785156790.9098141,15,314.890625,2569.5
1785156790.9098141,8,316.515625,2625.5
1785156790.9098141,15,318.171875,2678.0
1785156790.9098141,11,323.015625,2937.5
1785156790.9098141,5,326.25,3146.5
1785156790.9098141,15,327.875,3233.75
1785156791.1359837,15,352.4375,7678.25
1785156791.1359837,15,354.078125,7817.0
1785156791.1359837,15,355.734375,7932.75
1785156791.1359837,15,357.359375,8017.25
1785156791.1359837,15,358.984375,8140.5
1785156791.1359837,15,5.9375,2638.0
1785156791.1359837,15,7.59375,2642.5
1785156791.1359837,8,9.203125,2646.75
1785156791.1359837,7,18.5625,11464.75
1785156791.1359837,12,21.828125,11649.0
1785156791.1359837,15,23.46875,11780.0
1785156791.1359837,13,25.109375,11745.5
1785156791.1359837,15,46.359375,106.75
1785156791.1359837,15,49.5625,104.75
1785156791.1359837,10,159.296875,11090.25
1785156791.1359837,15,160.9375,11173.75
1785156791.1359837,15,162.578125,11131.0
1785156791.1359837,15,164.21875,11221.0
1785156791.1359837,15,165.84375,11383.75
1785156791.1359837,9,167.484375,11577.5
1785156791.1359837,11,178.875,12523.0
1785156791.1359837,15,192.828125,1457.25
1785156791.1359837,15,194.4375,1452.5
1785156791.1359837,11,225.046875,2730.5
1785156791.1359837,15,226.71875,2663.25
1785156791.1359837,15,228.375,2600.0
1785156791.1359837,15,230.03125,2533.5
1785156791.1359837,15,231.6875,2473.75
1785156791.1359837,15,233.328125,2415.25
1785156791.1359837,15,234.96875,2351.25
1785156791.1359837,15,236.609375,2304.25
1785156791.1359837,15,238.296875,2271.5
1785156791.1359837,15,239.921875,2236.5
1785156791.1359837,7,241.59375,2201.0
1785156791.1359837,15,246.5,2079.0
1785156791.1359837,15,248.1875,2047.0
1785156791.1359837,15,249.796875,2016.5
1785156791.1359837,15,251.53125,1988.25
1785156791.1359837,15,260.171875,1181.75
1785156791.1359837,15,261.859375,1173.5
1785156791.1359837,15,263.484375,1173.0
1785156791.1359837,15,265.125,1170.25
1785156791.1359837,15,266.78125,1175.25
1785156791.1359837,15,268.421875,1188.75
1785156791.1359837,15,280.953125,1924.5
1785156791.1359837,15,282.578125,1934.5
1785156791.1359837,15,284.234375,1940.0
1785156791.1359837,15,285.828125,1947.0
1785156791.1359837,15,287.484375,1957.5
1785156791.1359837,15,289.109375,1964.75
1785156791.1359837,15,290.75,1978.25
1785156791.1359837,15,292.359375,1998.0
1785156791.1359837,15,293.984375,2015.25
1785156791.1359837,15,295.609375,2037.75
1785156791.1359837,10,297.234375,2066.5
1785156791.1359837,15,305.453125,2252.25
1785156791.1359837,15,307.0625,2282.5
1785156791.1359837,10,308.6875,2322.25
1785156791.1359837,15,310.34375,2372.0
1785156791.1359837,15,311.953125,2421.75
1785156791.1359837,15,313.578125,2466.0
1785156791.1359837,9,315.21875,2517.25
1785156791.1359837,15,316.84375,2576.0
1785156791.1359837,10,318.453125,2637.25
1785156791.1359837,14,320.078125,2701.5
1785156791.3594666,15,351.125,7457.75
1785156791.3594666,15,352.75,7638.0
1785156791.3594666,15,354.40625,7746.25
1785156791.3594666,15,356.03125,7847.0
1785156791.3594666,15,357.671875,7963.75
1785156791.3594666,15,359.3125,8067.0
1785156791.3594666,15,2.9375,2767.0
1785156791.3594666,15,6.25,2625.5
1785156791.3594666,13,7.859375,2625.5
1785156791.3594666,11,9.515625,2633.5
1785156791.3594666,8,11.0625,2640.5
1785156791.3594666,13,22.109375,11787.25
1785156791.3594666,14,23.734375,11821.25
1785156791.3594666,15,25.359375,11771.75
1785156791.3594666,15,48.0625,106.5
1785156791.3594666,14,50.75,101.5
1785156791.3594666,15,157.90625,10978.0
1785156791.3594666,15,159.546875,10938.25
1785156791.3594666,12,161.171875,11070.0
1785156791.3594666,12,162.8125,11237.0
1785156791.3594666,15,164.453125,11363.25
1785156791.3594666,15,166.09375,11403.75
1785156791.3594666,15,167.734375,11491.75
1785156791.3594666,15,189.84375,1446.25
1785156791.3594666,15,191.53125,1436.25
1785156791.3594666,15,193.1875,1436.25
1785156791.3594666,15,201.171875,1669.5
1785156791.3594666,10,218.78125,3108.75
1785156791.3594666,15,222.109375,2918.25
1785156791.3594666,15,227.03125,2640.25
1785156791.3594666,15,228.703125,2584.0
1785156791.3594666,15,230.328125,2523.0
1785156791.3594666,15,232.0,2472.75
1785156791.3594666,12,233.65625,2417.5
1785156791.3594666,14,235.296875,2352.0
1785156791.3594666,15,236.9375,2306.75
1785156791.3594666,15,238.578125,2268.25
1785156791.3594666,15,240.234375,2231.5
1785156791.3594666,15,246.796875,2081.75
1785156791.3594666,15,248.484375,2040.75
1785156791.3594666,15,250.109375,2008.75
1785156791.3594666,15,251.734375,1986.5
1785156791.3594666,15,260.484375,1143.25
1785156791.3594666,15,262.0625,1135.0
1785156791.3594666,15,263.734375,1137.0
1785156791.3594666,15,265.34375,1130.75
1785156791.3594666,15,266.96875,1138.25
1785156791.3594666,15,268.59375,1150.75
1785156791.3594666,15,270.234375,1155.5
1785156791.3594666,15,271.8125,1169.5
1785156791.3594666,10,282.8125,1913.5
1785156791.3594666,11,284.421875,1925.5
1785156791.3594666,15,286.0625,1934.75
1785156791.3594666,15,287.71875,1943.25
1785156791.3594666,15,289.328125,1950.5
1785156791.3594666,15,290.953125,1967.5
1785156791.3594666,15,292.5625,1996.0
1785156791.3594666,15,294.203125,2020.5
1785156791.3594666,15,295.828125,2033.0
1785156791.3594666,10,297.46875,2058.75
1785156791.3594666,15,305.71875,2263.0
1785156791.3594666,7,307.359375,2304.5
1785156791.3594666,10,308.984375,2351.0
1785156791.3594666,13,310.609375,2404.5
1785156791.3594666,9,312.234375,2458.25
1785156791.3594666,9,313.90625,2510.75
1785156791.3594666,15,315.515625,2568.0
1785156791.3594666,10,317.15625,2624.75
1785156791.3594666,15,318.78125,2688.5
1785156791.3594666,7,320.40625,2756.75
1785156791.3594666,14,323.671875,2968.25
1785156791.3594666,15,349.640625,7002.25
1785156791.5842853,15,353.15625,7559.0
1785156791.5842853,15,354.796875,7690.75
1785156791.5842853,15,356.4375,7770.75
1785156791.5842853,15,358.0625,7884.0
1785156791.5842853,15,359.71875,8009.5
1785156791.5842853,15,1.34375,8100.5
1785156791.5842853,15,4.96875,2760.5
1785156791.5842853,15,8.234375,2630.0
1785156791.5842853,15,11.484375,2626.5
1785156791.5842853,9,13.125,2637.75
1785156791.5842853,11,20.90625,11721.0
1785156791.5842853,12,24.171875,11819.0
1785156791.5842853,15,48.3125,106.0
1785156791.5842853,14,158.34375,10930.5
1785156791.5842853,14,159.96875,10938.0
1785156791.5842853,15,161.609375,11031.0
1785156791.5842853,14,163.234375,11122.5
1785156791.5842853,15,164.875,11276.75
1785156791.5842853,15,166.515625,11479.75
1785156791.5842853,15,168.15625,11612.0
1785156791.5842853,9,181.25,12426.25
1785156791.5842853,15,187.0,1488.5
1785156791.5842853,15,188.640625,1460.5
1785156791.5842853,9,190.28125,1444.5
1785156791.5842853,15,191.96875,1430.5
1785156791.5842853,15,193.59375,1426.75
1785156791.5842853,15,204.859375,1753.25
1785156791.5842853,15,225.9375,2660.0
1785156791.5842853,15,227.515625,2595.25
1785156791.5842853,15,229.15625,2540.75
1785156791.5842853,15,230.8125,2492.0
1785156791.5842853,15,234.125,2362.25
1785156791.5842853,15,235.765625,2305.25
1785156791.5842853,15,237.4375,2259.75
1785156791.5842853,15,239.0625,2229.75
1785156791.5842853,15,245.671875,2072.75
1785156791.5842853,15,247.3125,2036.5
1785156791.5842853,15,248.9375,2007.0
1785156791.5842853,15,250.59375,1978.5
1785156791.5842853,15,252.21875,1952.25
1785156791.5842853,15,260.984375,1106.75
1785156791.5842853,15,262.640625,1098.5
1785156791.5842853,15,264.25,1103.5
1785156791.5842853,15,265.90625,1098.25
1785156791.5842853,15,267.546875,1093.5
1785156791.5842853,15,269.125,1101.5
1785156791.5842853,15,270.796875,1112.25
1785156791.5842853,15,272.421875,1126.5
1785156791.5842853,15,274.078125,1141.5
1785156791.5842853,15,275.625,1160.75
1785156791.5842853,12,284.90625,1927.5
1785156791.5842853,15,286.578125,1939.25
1785156791.5842853,15,288.1875,1945.25
1785156791.5842853,15,289.828125,1959.25
1785156791.5842853,15,291.4375,1982.25
1785156791.5842853,15,293.046875,2003.5
1785156791.5842853,15,294.703125,2021.75
1785156791.5842853,11,296.34375,2049.5
1785156791.5842853,15,306.15625,2277.5
1785156791.5842853,9,307.765625,2316.5
1785156791.5842853,15,309.421875,2367.5
1785156791.5842853,11,311.046875,2419.25
1785156791.5842853,15,312.6875,2461.5
1785156791.5842853,11,314.296875,2510.75
1785156791.5842853,15,315.9375,2564.25
1785156791.5842853,9,317.546875,2624.5
1785156791.5842853,15,319.171875,2695.75
1785156791.5842853,9,324.03125,2970.75
1785156791.5842853,15,349.984375,6934.25
1785156791.81115,15,351.8125,7014.5
1785156791.81115,15,355.078125,7588.75
1785156791.81115,15,356.703125,7690.75
1785156791.81115,15,358.34375,7836.25
1785156791.81115,15,359.984375,7971.75
1785156791.81115,15,1.609375,8035.25
1785156791.81115,15,3.25,8106.75
1785156791.81115,15,6.890625,2783.5
1785156791.81115,12,10.15625,2632.75
1785156791.81115,15,13.390625,2638.75
1785156791.81115,7,15.015625,2649.75
1785156791.81115,11,22.78125,11830.0
1785156791.81115,13,24.40625,12004.5
1785156791.81115,15,47.421875,105.75
1785156791.81115,15,158.578125,11022.5
1785156791.81115,15,160.21875,10997.75
1785156791.81115,12,161.859375,11078.5
1785156791.81115,12,163.5,11181.5
1785156791.81115,15,165.125,11236.5
1785156791.81115,15,166.765625,11323.25
1785156791.81115,15,168.40625,11470.25
1785156791.81115,15,170.046875,11593.0
1785156791.81115,11,176.578125,14150.0
1785156791.81115,15,187.328125,1455.0
1785156791.81115,13,190.609375,1431.5
1785156791.81115,15,200.3125,1637.25
1785156791.81115,15,201.96875,1642.5
1785156791.81115,15,205.109375,1753.5
1785156791.81115,15,226.078125,2665.5
1785156791.81115,15,227.71875,2593.0
1785156791.81115,15,229.375,2529.5
1785156791.81115,15,231.03125,2482.75
1785156791.81115,15,232.6875,2433.0
1785156791.81115,15,234.328125,2369.75
1785156791.81115,15,235.96875,2312.25
1785156791.81115,15,237.640625,2263.25
1785156791.81115,14,239.28125,2227.25
1785156791.81115,15,245.875,2079.0
1785156791.81115,15,247.5,2036.75
1785156791.81115,15,249.15625,2003.75
1785156791.81115,15,250.84375,1980.0
1785156791.81115,15,252.484375,1953.5
1785156791.81115,9,255.734375,1927.25
1785156791.81115,15,266.21875,1061.0
1785156791.81115,15,267.84375,1056.25
1785156791.81115,15,269.4375,1053.25
1785156791.81115,15,271.140625,1061.0
1785156791.81115,15,272.734375,1075.75
1785156791.81115,15,274.359375,1093.25
1785156791.81115,15,275.921875,1113.25
1785156791.81115,15,277.46875,1132.0
1785156791.81115,15,286.796875,1919.25
1785156791.81115,15,288.421875,1934.25
1785156791.81115,15,290.0625,1952.25
1785156791.81115,15,291.671875,1967.25
1785156791.81115,15,293.3125,1988.5
1785156791.81115,15,294.96875,2018.75
1785156791.81115,11,296.578125,2044.25
1785156791.81115,15,298.171875,2072.75
1785156791.81115,15,306.421875,2264.0
1785156791.81115,8,308.03125,2310.5
1785156791.81115,15,309.65625,2380.5
1785156791.81115,8,311.296875,2432.0
1785156791.81115,15,312.890625,2479.25
1785156791.81115,12,314.515625,2527.0
1785156791.81115,15,316.140625,2580.5
1785156791.81115,9,317.796875,2641.75
1785156791.81115,12,319.40625,2708.25
1785156791.81115,15,321.015625,2792.25
1785156791.81115,12,324.3125,2993.25
1785156792.0369298,15,350.53125,6847.5
1785156792.0369298,15,352.171875,6967.0
1785156792.0369298,15,355.4375,7526.5
1785156792.0369298,15,357.078125,7676.25
1785156792.0369298,15,358.71875,7782.0
1785156792.0369298,15,0.34375,7895.75
1785156792.0369298,15,2.0,8011.5
1785156792.0369298,15,3.640625,8096.5
1785156792.0369298,15,5.265625,8198.0
1785156792.0369298,15,8.890625,2804.75
1785156792.0369298,15,12.109375,2634.25
1785156792.0369298,14,13.75,2636.25
1785156792.0369298,14,15.390625,2643.25
1785156792.0369298,15,45.96875,107.25
1785156792.0369298,15,48.484375,105.25
1785156792.0369298,15,51.375,102.5
1785156792.0369298,14,158.984375,10963.25
1785156792.0369298,14,160.625,11013.0
1785156792.0369298,15,162.265625,11062.0
1785156792.0369298,11,163.90625,11139.25
1785156792.0369298,15,165.546875,11197.0
1785156792.0369298,15,168.8125,11514.25
1785156792.0369298,15,170.46875,11551.75
1785156792.0369298,8,173.71875,13958.5
1785156792.0369298,8,175.359375,14142.5
1785156792.0369298,15,190.96875,1415.25
1785156792.0369298,15,192.59375,1413.25
1785156792.0369298,15,203.859375,1701.5
1785156792.0369298,15,205.515625,1751.25
1785156792.0369298,9,221.515625,2962.5
1785156792.0369298,15,228.15625,2589.5
1785156792.0369298,15,229.796875,2531.75
1785156792.0369298,15,231.421875,2470.75
1785156792.0369298,15,233.078125,2413.25
1785156792.0369298,14,234.734375,2361.75
1785156792.0369298,15,236.375,2316.25
1785156792.0369298,15,238.046875,2267.75
1785156792.0369298,12,239.6875,2223.0
1785156792.0369298,15,247.90625,2053.0
1785156792.0369298,15,249.53125,2021.0
1785156792.0369298,15,251.234375,1993.25
1785156792.0369298,15,252.859375,1961.0
1785156792.0369298,15,263.34375,1031.5
1785156792.0369298,15,264.953125,1039.0
1785156792.0369298,15,266.65625,1030.5
1785156792.0369298,12,268.328125,1024.0
1785156792.0369298,15,269.9375,1025.25
1785156792.0369298,15,271.546875,1033.25
1785156792.0369298,15,273.171875,1046.25
1785156792.0369298,15,274.84375,1053.0
1785156792.0369298,15,276.421875,1063.0
1785156792.0369298,15,278.015625,1081.0
1785156792.0369298,15,279.53125,1105.5
1785156792.0369298,15,287.234375,1939.5
1785156792.0369298,15,288.828125,1952.75
1785156792.0369298,15,290.453125,1968.0
1785156792.0369298,15,292.078125,1989.5
1785156792.0369298,15,293.71875,2012.0
1785156792.0369298,12,295.328125,2045.25
1785156792.0369298,11,298.71875,2079.25
1785156792.0369298,15,305.203125,2240.0
1785156792.0369298,15,306.859375,2272.25
1785156792.0369298,8,308.4375,2321.0
1785156792.0369298,10,311.71875,2446.25
1785156792.0369298,15,313.34375,2490.5
1785156792.0369298,9,314.984375,2540.75
1785156792.0369298,15,316.59375,2592.25
1785156792.0369298,15,318.21875,2653.25
1785156792.0369298,9,319.84375,2717.75
1785156792.0369298,10,324.75,2975.5
1785156792.14836,15,350.75,6758.5
1785156792.14836,15,352.390625,6873.25
1785156792.14836,15,354.015625,7035.5
1785156792.14836,15,357.28125,7611.0
1785156792.14836,15,358.921875,7722.0
1785156792.14836,15,0.5625,7816.5
1785156792.14836,15,2.203125,7970.25
1785156792.14836,15,3.84375,8090.25
1785156792.14836,15,5.484375,8162.25
1785156792.14836,15,7.109375,8327.0
1785156792.14836,14,13.96875,2627.75
1785156792.14836,8,15.609375,2643.75
1785156792.14836,9,17.265625,2657.0
1785156792.14836,9,25.0,11830.5
1785156792.14836,15,47.53125,107.0
1785156792.14836,15,48.453125,105.25
1785156792.14836,15,51.578125,102.5
1785156792.14836,15,159.109375,10863.75
1785156792.14836,14,160.71875,10908.25
1785156792.14836,15,162.359375,11014.75
1785156792.14836,12,164.015625,11137.0
1785156792.14836,14,165.625,11271.75
1785156792.14836,15,167.28125,11315.25
1785156792.14836,15,168.90625,11450.5
1785156792.14836,15,170.546875,11647.75
1785156792.14836,15,187.765625,1428.25
1785156792.14836,15,191.0625,1412.5
1785156792.14836,15,202.34375,1647.25
1785156792.14836,15,203.984375,1694.75
1785156792.14836,3,221.625,2939.0
1785156792.14836,13,224.921875,2730.0
1785156792.14836,15,226.640625,2652.5
1785156792.14836,15,229.921875,2507.0
1785156792.14836,15,231.546875,2467.75
1785156792.14836,15,233.21875,2419.5
1785156792.14836,15,234.875,2357.75
1785156792.14836,15,236.53125,2296.5
1785156792.14836,15,238.15625,2247.5
1785156792.14836,15,246.421875,2086.5
1785156792.14836,15,248.078125,2046.5
1785156792.14836,15,249.703125,2008.0
1785156792.14836,15,251.3125,1982.5
1785156792.14836,15,252.921875,1959.75
1785156792.14836,15,263.390625,1009.0
1785156792.14836,15,265.0625,1017.0
1785156792.14836,15,269.984375,1009.75
1785156792.14836,15,271.65625,1007.25
1785156792.14836,15,273.28125,1017.0
1785156792.14836,15,274.8125,1031.5
1785156792.14836,15,276.484375,1041.75
1785156792.14836,15,277.984375,1052.75
1785156792.14836,15,279.671875,1072.75
1785156792.14836,15,290.46875,1937.0
1785156792.14836,15,292.109375,1949.75
1785156792.14836,15,293.734375,1964.0
1785156792.14836,15,295.359375,1998.75
1785156792.14836,15,296.953125,2033.75
1785156792.14836,15,298.734375,2066.25
1785156792.14836,15,306.859375,2246.0
1785156792.14836,15,308.515625,2288.0
1785156792.14836,5,310.125,2348.75
1785156792.14836,9,311.734375,2409.0
1785156792.14836,15,313.34375,2465.25
1785156792.14836,9,315.0,2513.5
1785156792.14836,15,316.65625,2562.25
1785156792.14836,9,318.25,2616.75
1785156792.14836,15,319.90625,2684.75
1785156792.14836,15,321.53125,2769.25
1785156792.14836,13,324.8125,2961.0
1785156792.14836,15,326.46875,3047.25
1785156792.3736384,15,350.90625,6710.0
1785156792.3736384,15,352.53125,6781.5
1785156792.3736384,15,354.1875,6906.25
1785156792.3736384,15,357.421875,7550.25
1785156792.3736384,15,359.0625,7665.0
1785156792.3736384,15,0.703125,7758.0
1785156792.3736384,15,2.34375,7893.75
1785156792.3736384,15,3.96875,8009.5
1785156792.3736384,15,5.609375,8086.25
1785156792.3736384,15,7.25,8211.25
1785156792.3736384,15,8.890625,8380.5
1785156792.3736384,15,15.796875,2640.0
1785156792.3736384,15,17.40625,2641.25
1785156792.3736384,15,19.046875,2660.25
1785156792.3736384,15,47.875,106.75
1785156792.3736384,15,51.0625,101.75
1785156792.3736384,14,159.390625,10955.0
1785156792.3736384,15,161.015625,11013.75
1785156792.3736384,14,162.65625,10982.75
1785156792.3736384,10,164.296875,11066.75
1785156792.3736384,15,165.9375,11158.0
1785156792.3736384,13,167.578125,11150.25
1785156792.3736384,15,169.203125,11321.75
1785156792.3736384,15,170.84375,11547.25
1785156792.3736384,15,186.46875,1439.5
1785156792.3736384,15,199.4375,1549.25
1785156792.3736384,15,202.640625,1650.5
1785156792.3736384,15,204.265625,1694.75
1785156792.3736384,15,228.484375,2615.5
1785156792.3736384,15,230.140625,2563.0
1785156792.3736384,15,231.796875,2500.75
1785156792.3736384,15,233.4375,2447.25
1785156792.3736384,15,235.0625,2398.0
1785156792.3736384,14,236.734375,2343.5
1785156792.3736384,15,238.34375,2292.5
1785156792.3736384,15,240.015625,2247.75
1785156792.3736384,15,246.59375,2100.5
1785156792.3736384,15,248.21875,2059.25
1785156792.3736384,15,249.875,2017.25
1785156792.3736384,15,251.5625,1985.75
1785156792.3736384,15,253.203125,1953.75
1785156792.3736384,15,254.828125,1931.5
1785156792.3736384,15,263.765625,960.75
1785156792.3736384,15,265.4375,964.0
1785156792.3736384,15,267.0,974.25
1785156792.3736384,15,268.703125,969.5
1785156792.3736384,11,271.953125,974.25
1785156792.3736384,15,273.5625,965.75
1785156792.3736384,15,275.25,958.5
1785156792.3736384,15,280.109375,1033.25
1785156792.3736384,15,281.65625,1047.25
1785156792.3736384,15,292.484375,1940.75
1785156792.3736384,15,294.125,1957.25
1785156792.3736384,15,295.71875,1986.0
1785156792.3736384,15,297.375,2016.5
1785156792.3736384,15,299.046875,2049.5
1785156792.3736384,15,308.859375,2271.5
1785156792.3736384,15,310.484375,2319.5
1785156792.3736384,9,313.75,2445.75
1785156792.3736384,15,315.375,2494.75
1785156792.3736384,8,316.984375,2546.75
1785156792.3736384,15,318.609375,2600.0
1785156792.3736384,15,320.28125,2668.75
1785156792.3736384,6,321.890625,2739.25
1785156792.3736384,6,326.78125,3023.75
1785156792.598029,15,351.109375,6701.25
1785156792.598029,15,352.75,6756.5
1785156792.598029,15,354.375,6863.5
1785156792.598029,15,356.015625,6969.75
1785156792.598029,15,359.28125,7603.0
1785156792.598029,15,0.921875,7689.0
1785156792.598029,15,2.546875,7801.25
1785156792.598029,15,4.1875,7899.0
1785156792.598029,15,5.8125,8019.5
1785156792.598029,15,7.453125,8155.5
1785156792.598029,15,9.09375,8293.75
1785156792.598029,15,10.703125,8478.25
1785156792.598029,9,17.625,2651.5
1785156792.598029,15,19.265625,2654.5
1785156792.598029,15,20.890625,2666.75
1785156792.598029,15,46.296875,106.5
1785156792.598029,14,50.5625,101.25
1785156792.598029,15,157.75,11051.75
1785156792.598029,15,159.375,10948.75
1785156792.598029,15,161.015625,11004.0
1785156792.598029,15,162.65625,10986.5
1785156792.598029,15,164.296875,11066.5
1785156792.598029,13,165.921875,11151.25
1785156792.598029,15,167.5625,11231.75
1785156792.598029,15,169.203125,11401.0
1785156792.598029,14,170.828125,11547.25
1785156792.598029,15,172.46875,11659.25
1785156792.598029,10,177.34375,14306.75
1785156792.598029,15,184.890625,1436.25
1785156792.598029,15,186.515625,1415.75
1785156792.598029,15,189.859375,1397.75
1785156792.598029,15,196.25,1608.0
1785156792.598029,15,199.5625,1544.0
1785156792.598029,15,202.765625,1640.0
1785156792.598029,15,204.328125,1681.5
1785156792.598029,7,220.265625,3089.0
1785156792.598029,13,226.859375,2708.5
1785156792.598029,15,228.5,2632.5
1785156792.598029,13,230.125,2563.75
1785156792.598029,11,231.78125,2502.25
1785156792.598029,15,233.4375,2445.75
1785156792.598029,15,235.078125,2395.75
1785156792.598029,15,236.703125,2344.0
1785156792.598029,15,238.375,2293.5
1785156792.598029,15,240.015625,2248.5
1785156792.598029,15,248.234375,2083.5
1785156792.598029,15,249.84375,2052.0
1785156792.598029,15,251.53125,2014.25
1785156792.598029,15,253.203125,1981.25
1785156792.598029,15,254.859375,1952.75
1785156792.598029,15,265.390625,927.0
1785156792.598029,13,267.171875,926.75
1785156792.598029,15,270.34375,922.25
1785156792.598029,15,272.0625,928.25
1785156792.598029,15,273.609375,934.25
1785156792.598029,15,275.296875,923.75
1785156792.598029,15,276.921875,915.0
1785156792.598029,15,278.578125,926.75
1785156792.598029,15,280.171875,942.0
1785156792.598029,15,281.703125,963.0
1785156792.598029,15,289.125,1934.75
1785156792.598029,15,290.71875,1950.75
1785156792.598029,15,292.375,1965.25
1785156792.598029,15,294.015625,1976.25
1785156792.598029,15,295.609375,1994.5
1785156792.598029,15,297.21875,2028.75
1785156792.598029,15,298.921875,2066.0
1785156792.598029,15,308.671875,2263.0
1785156792.598029,6,310.328125,2310.5
1785156792.598029,15,311.921875,2370.75
1785156792.598029,10,313.5625,2420.25
1785156792.598029,15,315.1875,2470.5
1785156792.598029,9,316.78125,2520.25
1785156792.598029,15,318.453125,2570.5
1785156792.598029,9,320.046875,2630.25
1785156792.598029,15,321.65625,2704.25
1785156792.598029,15,323.34375,2785.5
1785156792.598029,7,324.984375,2868.5
1785156792.598029,15,328.234375,3064.5
1785156792.598029,6,329.859375,3154.75
1785156792.8236604,15,354.046875,6703.5
1785156792.8236604,15,355.6875,6829.5
1785156792.8236604,15,357.328125,6959.5
1785156792.8236604,15,0.578125,7598.0
1785156792.8236604,15,2.21875,7690.5
1785156792.8236604,15,3.859375,7803.5
1785156792.8236604,15,5.5,7934.25
1785156792.8236604,15,7.140625,8037.5
1785156792.8236604,15,8.765625,8135.5
1785156792.8236604,15,10.328125,8303.25
1785156792.8236604,15,11.953125,8511.5
1785156792.8236604,15,13.578125,8667.75
1785156792.8236604,10,18.875,2651.0
1785156792.8236604,7,20.5,2654.25
1785156792.8236604,15,22.125,2660.25
1785156792.8236604,15,46.78125,106.75
1785156792.8236604,15,49.109375,105.0
1785156792.8236604,15,159.09375,10877.5
1785156792.8236604,15,160.71875,10911.75
1785156792.8236604,15,162.359375,10961.0
1785156792.8236604,15,163.984375,11024.5
1785156792.8236604,15,165.625,11115.75
1785156792.8236604,15,167.265625,11173.75
1785156792.8236604,15,168.90625,11268.0
1785156792.8236604,15,170.53125,11404.0
1785156792.8236604,15,172.171875,11502.75
1785156792.8236604,15,173.8125,11560.5
1785156792.8236604,15,184.5,1427.5
1785156792.8236604,15,189.40625,1390.0
1785156792.8236604,15,195.859375,1596.25
1785156792.8236604,15,199.078125,1531.75
1785156792.8236604,15,200.6875,1577.25
1785156792.8236604,15,202.296875,1621.75
1785156792.8236604,15,203.921875,1661.75
1785156792.8236604,12,221.46875,2961.25
1785156792.8236604,15,226.4375,2685.25
1785156792.8236604,15,229.8125,2542.0
1785156792.8236604,15,231.46875,2488.75
1785156792.8236604,15,233.125,2422.75
1785156792.8236604,15,234.75,2370.75
1785156792.8236604,15,236.4375,2326.75
1785156792.8236604,15,238.078125,2271.25
1785156792.8236604,15,239.703125,2225.75
1785156792.8236604,15,246.28125,2098.0
1785156792.8236604,15,247.9375,2073.25
1785156792.8236604,15,249.5625,2052.0
1785156792.8236604,15,251.25,2017.75
1785156792.8236604,15,252.90625,1995.0
1785156792.8236604,15,254.5625,1970.75
1785156792.8236604,15,256.21875,1933.75
1785156792.8236604,15,265.25,887.25
1785156792.8236604,15,266.890625,883.5
1785156792.8236604,15,268.609375,890.25
1785156792.8236604,15,271.78125,888.0
1785156792.8236604,15,276.671875,877.75
1785156792.8236604,15,278.265625,874.25
1785156792.8236604,15,280.0,885.75
1785156792.8236604,15,281.5,899.25
1785156792.8236604,15,283.140625,918.25
1785156792.8236604,15,290.5,1980.0
1785156792.8236604,15,292.09375,2000.75
1785156792.8236604,15,293.6875,2025.25
1785156792.8236604,13,295.359375,2049.0
1785156792.8236604,9,296.984375,2072.0
1785156792.8236604,15,298.6875,2083.75
1785156792.8236604,15,306.84375,2248.5
1785156792.8236604,15,308.453125,2278.25
1785156792.8236604,6,310.078125,2321.25
1785156792.8236604,15,311.71875,2383.0
1785156792.8236604,11,313.328125,2434.0
1785156792.8236604,15,314.9375,2476.25
1785156792.8236604,7,316.578125,2527.75
1785156792.8236604,15,318.21875,2581.75
1785156792.8236604,8,319.828125,2639.0
1785156792.8236604,12,321.453125,2705.0
1785156792.8236604,15,324.75,2895.5
1785156792.8236604,11,326.375,2979.0
1785156792.8236604,15,327.984375,3064.5
1785156793.049273,15,353.90625,6665.5
1785156793.049273,15,355.5625,6726.5
1785156793.049273,15,357.1875,6822.25
1785156793.049273,15,358.8125,6960.0
1785156793.049273,15,2.078125,7564.5
1785156793.049273,15,3.703125,7700.0
1785156793.049273,15,5.359375,7808.75
1785156793.049273,15,6.984375,7954.5
1785156793.049273,15,8.625,8081.5
1785156793.049273,15,10.21875,8153.25
1785156793.049273,15,11.828125,8272.5
1785156793.049273,15,15.078125,8696.75
1785156793.049273,9,20.359375,2654.75
1785156793.049273,6,21.984375,2663.75
1785156793.049273,15,23.640625,2669.5
1785156793.049273,15,46.953125,107.0
1785156793.049273,15,48.0,105.0
1785156793.049273,15,159.03125,10922.0
1785156793.049273,15,160.6875,10937.0
1785156793.049273,15,162.328125,10937.75
1785156793.049273,15,163.953125,10966.5
1785156793.049273,11,165.59375,11058.5
1785156793.049273,15,167.234375,11145.25
1785156793.049273,15,168.875,11239.75
1785156793.049273,15,170.5,11375.5
1785156793.049273,15,172.140625,11472.75
1785156793.049273,15,173.78125,11559.25
1785156793.049273,15,189.4375,1353.75
1785156793.049273,15,199.125,1529.25
1785156793.049273,15,200.71875,1572.75
1785156793.049273,15,202.359375,1614.5
1785156793.049273,15,203.953125,1651.25
1785156793.049273,10,218.328125,3136.25
1785156793.049273,8,221.609375,2942.25
1785156793.049273,10,223.28125,2862.5
1785156793.049273,9,226.59375,2687.5
1785156793.049273,15,229.875,2536.25
1785156793.049273,12,231.515625,2488.5
1785156793.049273,15,233.140625,2442.0
1785156793.049273,15,234.828125,2394.5
1785156793.049273,15,236.4375,2338.0
1785156793.049273,15,238.125,2299.75
1785156793.049273,15,239.75,2259.75
1785156793.049273,15,241.40625,2227.0
1785156793.049273,15,249.609375,2081.25
1785156793.049273,15,251.25,2060.5
1785156793.049273,15,252.921875,2032.0
1785156793.049273,15,254.578125,2002.5
1785156793.049273,15,256.203125,1973.0
1785156793.049273,15,267.09375,829.0
1785156793.049273,15,268.640625,835.25
1785156793.049273,15,270.25,846.75
1785156793.049273,14,271.90625,842.5
1785156793.049273,11,273.515625,839.25
1785156793.049273,15,276.765625,845.75
1785156793.049273,15,278.515625,839.25
1785156793.049273,15,280.171875,834.0
1785156793.049273,15,281.703125,845.75
1785156793.049273,15,283.390625,860.25
1785156793.049273,15,284.921875,880.25
1785156793.049273,9,295.4375,2073.0
1785156793.049273,15,305.34375,2239.0
1785156793.049273,15,306.953125,2266.75
1785156793.049273,15,308.609375,2300.75
1785156793.049273,7,310.234375,2350.75
1785156793.049273,10,311.84375,2408.5
1785156793.049273,8,313.484375,2454.25
1785156793.049273,15,315.109375,2487.75
1785156793.049273,11,316.734375,2537.25
1785156793.049273,9,318.390625,2606.75
1785156793.049273,15,319.984375,2668.75
1785156793.049273,15,323.234375,2825.0
1785156793.049273,15,324.90625,2907.25
1785156793.049273,7,326.53125,2987.0
1785156793.049273,13,328.140625,3068.5
1785156793.1607716,15,355.78125,6735.75
1785156793.1607716,15,357.4375,6794.0
1785156793.1607716,15,359.0625,6890.0
1785156793.1607716,15,2.328125,7571.25
1785156793.1607716,15,3.96875,7683.25
1785156793.1607716,15,5.609375,7763.25
1785156793.1607716,15,7.25,7886.0
1785156793.1607716,15,8.875,8025.75
1785156793.1607716,15,10.5,8156.5
1785156793.1607716,15,12.140625,8319.75
1785156793.1607716,15,13.765625,8523.5
1785156793.1607716,15,15.390625,8679.0
1785156793.1607716,10,20.6875,2649.5
1785156793.1607716,10,22.359375,2659.0
1785156793.1607716,15,23.953125,2672.0
1785156793.1607716,15,25.59375,2689.75
1785156793.1607716,15,46.96875,106.75
1785156793.1607716,15,51.546875,101.75
1785156793.1607716,14,159.3125,10872.0
1785156793.1607716,15,160.9375,10937.25
1785156793.1607716,15,162.578125,11000.5
1785156793.1607716,13,164.21875,11032.5
1785156793.1607716,15,165.859375,11031.75
1785156793.1607716,15,167.484375,11160.25
1785156793.1607716,13,169.140625,11252.25
1785156793.1607716,15,170.765625,11349.5
1785156793.1607716,15,172.390625,11607.25
1785156793.1607716,15,174.03125,11636.25
1785156793.1607716,10,177.28125,13837.25
1785156793.1607716,15,197.890625,1493.5
1785156793.1607716,15,199.453125,1534.5
1785156793.1607716,15,201.125,1577.25
1785156793.1607716,15,202.734375,1617.75
1785156793.1607716,15,204.3125,1653.25
1785156793.1607716,15,228.546875,2540.5
1785156793.1607716,14,230.203125,2480.75
1785156793.1607716,15,231.84375,2427.25
1785156793.1607716,15,233.5,2365.25
1785156793.1607716,15,235.125,2305.0
1785156793.1607716,15,236.78125,2258.5
1785156793.1607716,15,243.375,2094.75
1785156793.1607716,15,245.03125,2056.25
1785156793.1607716,15,246.65625,2024.25
1785156793.1607716,15,248.3125,2001.0
1785156793.1607716,15,249.9375,1982.75
1785156793.1607716,15,251.625,1958.25
1785156793.1607716,15,253.25,1934.5
1785156793.1607716,10,254.890625,1914.25
1785156793.1607716,15,256.53125,1878.5
1785156793.1607716,15,267.4375,811.0
1785156793.1607716,15,270.65625,831.25
1785156793.1607716,15,273.9375,820.25
1785156793.1607716,15,278.890625,809.25
1785156793.1607716,15,280.484375,812.5
1785156793.1607716,15,282.078125,821.25
1785156793.1607716,15,283.625,834.25
1785156793.1607716,15,285.203125,853.0
1785156793.1607716,15,295.734375,2024.75
1785156793.1607716,13,297.375,2052.0
1785156793.1607716,12,299.09375,2080.75
1785156793.1607716,15,307.21875,2257.25
1785156793.1607716,10,308.84375,2294.0
1785156793.1607716,8,310.5,2343.75
1785156793.1607716,10,312.09375,2403.0
1785156793.1607716,9,313.765625,2450.5
1785156793.1607716,15,316.984375,2578.75
1785156793.1607716,8,318.640625,2641.5
1785156793.1607716,14,320.234375,2712.75
1785156793.1607716,13,325.125,2990.0
1785156793.1607716,15,326.71875,3068.25
1785156793.38671,15,352.875,7180.25
1785156793.38671,15,356.15625,6691.75
1785156793.38671,15,357.796875,6798.75
1785156793.38671,15,359.4375,6881.5
1785156793.38671,15,1.078125,6967.25
1785156793.38671,15,4.328125,7624.75
1785156793.38671,15,5.96875,7716.75
1785156793.38671,15,7.609375,7861.75
1785156793.38671,15,9.25,8007.5
1785156793.38671,15,10.8125,8110.5
1785156793.38671,15,12.453125,8220.5
1785156793.38671,15,14.078125,8363.25
1785156793.38671,15,15.71875,8570.75
1785156793.38671,15,17.34375,8782.75
1785156793.38671,8,24.25,2668.25
1785156793.38671,15,25.875,2683.0
1785156793.38671,15,48.109375,106.75
1785156793.38671,15,159.671875,10907.0
1785156793.38671,15,161.3125,10922.25
1785156793.38671,15,162.9375,10967.25
1785156793.38671,15,164.59375,10982.75
1785156793.38671,15,166.21875,10967.75
1785156793.38671,11,167.859375,11109.75
1785156793.38671,15,169.5,11303.5
1785156793.38671,15,171.125,11379.5
1785156793.38671,15,172.765625,11496.25
1785156793.38671,15,174.40625,11586.75
1785156793.38671,15,188.4375,1343.5
1785156793.38671,15,198.234375,1496.25
1785156793.38671,15,199.828125,1534.75
1785156793.38671,15,201.453125,1574.75
1785156793.38671,15,202.953125,1612.75
1785156793.38671,15,204.59375,1647.75
1785156793.38671,10,223.828125,2827.25
1785156793.38671,10,225.5,2747.75
1785156793.38671,10,227.140625,2668.25
1785156793.38671,15,230.46875,2509.75
1785156793.38671,15,232.109375,2455.5
1785156793.38671,11,233.765625,2399.75
1785156793.38671,15,235.390625,2340.0
1785156793.38671,15,237.015625,2298.75
1785156793.38671,15,238.65625,2255.75
1785156793.38671,8,240.359375,2217.25
1785156793.38671,15,246.890625,2074.25
1785156793.38671,15,248.5625,2048.0
1785156793.38671,15,250.1875,2017.75
1785156793.38671,15,251.90625,1993.0
1785156793.38671,15,253.53125,1969.0
1785156793.38671,15,255.1875,1950.5
1785156793.38671,10,256.875,1930.0
1785156793.38671,15,267.75,779.75
1785156793.38671,15,269.46875,779.75
1785156793.38671,15,271.03125,788.75
1785156793.38671,11,272.734375,785.5
1785156793.38671,15,276.0,777.0
1785156793.38671,15,277.59375,774.75
1785156793.38671,14,279.171875,780.5
1785156793.38671,15,280.984375,775.0
1785156793.38671,15,282.5625,772.0
1785156793.38671,15,284.171875,782.5
1785156793.38671,15,285.78125,797.25
1785156793.38671,15,287.25,814.75
1785156793.38671,15,305.875,2246.75
1785156793.38671,15,307.5,2275.5
1785156793.38671,10,309.125,2318.0
1785156793.38671,15,310.765625,2360.75
1785156793.38671,9,312.40625,2407.5
1785156793.38671,15,314.046875,2466.5
1785156793.38671,9,315.65625,2519.75
1785156793.38671,15,317.265625,2570.5
1785156793.38671,10,318.921875,2627.25
1785156793.38671,13,320.515625,2691.0
1785156793.38671,8,323.796875,2858.5
1785156793.38671,15,327.078125,3044.0
1785156793.38671,15,328.6875,3120.25
1785156793.6128786,15,351.546875,7269.25
1785156793.6128786,15,353.1875,7201.0
1785156793.6128786,15,358.125,6704.5
1785156793.6128786,15,359.765625,6795.75
1785156793.6128786,15,1.390625,6888.75
1785156793.6128786,15,4.671875,7510.75
1785156793.6128786,15,6.28125,7655.0
1785156793.6128786,15,7.921875,7788.5
1785156793.6128786,15,9.578125,7935.0
1785156793.6128786,15,11.140625,8057.0
1785156793.6128786,15,12.765625,8143.75
1785156793.6128786,15,16.03125,8549.0
1785156793.6128786,15,17.65625,8662.25
1785156793.6128786,15,19.296875,8825.5
1785156793.6128786,15,22.859375,3151.25
1785156793.6128786,15,48.546875,106.0
1785156793.6128786,15,160.0,10879.75
1785156793.6128786,15,161.625,10951.75
1785156793.6128786,15,163.265625,10939.5
1785156793.6128786,15,164.90625,10945.25
1785156793.6128786,15,166.546875,10960.25
1785156793.6128786,12,168.203125,11028.25
1785156793.6128786,15,169.828125,11123.25
1785156793.6128786,15,171.46875,11244.75
1785156793.6128786,10,173.109375,11291.5
1785156793.6128786,15,174.75,11373.75
1785156793.6128786,15,176.390625,11586.0
1785156793.6128786,15,182.140625,1412.25
1785156793.6128786,15,196.8125,1463.5
1785156793.6128786,15,198.4375,1498.5
1785156793.6128786,15,200.03125,1535.5
1785156793.6128786,15,201.625,1574.5
1785156793.6128786,15,203.21875,1611.25
1785156793.6128786,15,209.640625,1782.75
1785156793.6128786,11,227.375,2684.25
1785156793.6128786,12,230.671875,2543.25
1785156793.6128786,15,232.3125,2487.75
1785156793.6128786,15,233.96875,2445.25
1785156793.6128786,14,235.59375,2392.25
1785156793.6128786,15,237.265625,2337.0
1785156793.6128786,15,238.890625,2285.5
1785156793.6128786,13,240.546875,2244.25
1785156793.6128786,15,248.78125,2083.25
1785156793.6128786,15,250.375,2060.0
1785156793.6128786,15,252.0625,2034.5
1785156793.6128786,15,253.671875,2013.75
1785156793.6128786,15,255.296875,1995.75
1785156793.6128786,15,256.953125,1962.5
1785156793.6128786,15,258.5625,1943.25
1785156793.6128786,15,269.75,727.0
1785156793.6128786,15,271.203125,734.75
1785156793.6128786,15,272.84375,746.25
1785156793.6128786,10,274.53125,748.0
1785156793.6128786,15,277.828125,722.75
1785156793.6128786,15,279.546875,721.5
1785156793.6128786,15,281.046875,724.5
1785156793.6128786,15,282.765625,729.5
1785156793.6128786,15,284.3125,737.5
1785156793.6128786,15,285.984375,746.75
1785156793.6128786,15,287.421875,756.75
1785156793.6128786,15,289.109375,772.0
1785156793.6128786,15,307.625,2287.5
1785156793.6128786,7,309.25,2335.5
1785156793.6128786,10,310.859375,2364.0
1785156793.6128786,9,312.515625,2404.5
1785156793.6128786,15,314.15625,2468.0
1785156793.6128786,9,315.75,2518.0
1785156793.6128786,15,317.40625,2567.0
1785156793.6128786,9,319.03125,2625.25
1785156793.6128786,10,320.640625,2690.5
1785156793.6128786,15,325.546875,2970.0
1785156793.6128786,11,327.203125,3045.5
1785156793.6128786,9,328.8125,3123.5
1785156793.8382535,15,353.328125,7244.0
1785156793.8382535,15,356.59375,6857.25
1785156793.8382535,15,358.25,6751.25
1785156793.8382535,15,359.890625,6734.0
1785156793.8382535,15,1.53125,6831.75
1785156793.8382535,15,3.15625,6954.25
1785156793.8382535,15,6.421875,7592.5
1785156793.8382535,15,8.046875,7708.0
1785156793.8382535,15,9.6875,7852.75
1785156793.8382535,15,11.3125,7961.75
1785156793.8382535,15,12.953125,8086.5
1785156793.8382535,15,14.59375,8210.5
1785156793.8382535,15,16.21875,8359.0
1785156793.8382535,15,17.859375,8571.25
1785156793.8382535,15,19.5,8759.75
1785156793.8382535,15,21.109375,8964.25
1785156793.8382535,15,24.6875,3186.75
1785156793.8382535,14,26.3125,3194.5
1785156793.8382535,15,48.125,106.0
1785156793.8382535,15,160.15625,10945.75
1785156793.8382535,15,161.796875,10912.0
1785156793.8382535,15,163.421875,10994.0
1785156793.8382535,15,165.046875,11043.0
1785156793.8382535,14,166.6875,11014.75
1785156793.8382535,15,168.34375,11035.75
1785156793.8382535,13,169.96875,11203.75
1785156793.8382535,15,171.59375,11256.0
1785156793.8382535,13,173.234375,11312.5
1785156793.8382535,15,174.875,11460.75
1785156793.8382535,15,176.5,11640.75
1785156793.8382535,15,187.34375,1329.75
1785156793.8382535,15,192.09375,1529.0
1785156793.8382535,15,195.40625,1450.5
1785156793.8382535,15,196.984375,1467.0
1785156793.8382535,15,198.625,1497.0
1785156793.8382535,15,200.234375,1532.0
1785156793.8382535,15,201.890625,1569.25
1785156793.8382535,15,203.5,1601.5
1785156793.8382535,11,222.765625,2943.5
1785156793.8382535,14,229.359375,2640.5
1785156793.8382535,15,232.65625,2507.25
1785156793.8382535,8,234.328125,2466.25
1785156793.8382535,15,235.96875,2414.25
1785156793.8382535,15,237.609375,2361.75
1785156793.8382535,15,239.25,2315.5
1785156793.8382535,15,240.921875,2276.5
1785156793.8382535,15,242.578125,2245.0
1785156793.8382535,15,250.828125,2071.75
1785156793.8382535,15,252.4375,2038.0
1785156793.8382535,15,254.0625,2009.75
1785156793.8382535,15,255.703125,1992.75
1785156793.8382535,15,257.34375,1967.75
1785156793.8382535,15,259.015625,1945.75
1785156793.8382535,15,270.28125,694.75
1785156793.8382535,15,271.8125,694.5
1785156793.8382535,15,273.421875,702.25
1785156793.8382535,15,275.0,703.0
1785156793.8382535,15,276.65625,696.0
1785156793.8382535,15,278.453125,682.5
1785156793.8382535,15,279.9375,675.75
1785156793.8382535,15,281.640625,676.75
1785156793.8382535,15,283.171875,681.0
1785156793.8382535,15,284.84375,687.5
1785156793.8382535,15,286.4375,698.75
1785156793.8382535,15,288.015625,709.0
1785156793.8382535,15,289.671875,719.5
1785156793.8382535,15,291.234375,739.0
1785156793.8382535,8,299.875,2057.5
1785156793.8382535,15,309.625,2266.5
1785156793.8382535,15,311.25,2301.75
1785156793.8382535,14,312.890625,2346.5
1785156793.8382535,9,314.5,2401.5
1785156793.8382535,14,316.109375,2460.75
1785156793.8382535,10,317.75,2511.25
1785156793.8382535,14,319.375,2553.5
1785156793.8382535,5,327.546875,3007.75
1785156793.8382535,15,329.15625,3095.25
1785156794.0614421,15,351.8125,7187.25
1785156794.0614421,15,353.4375,7235.0
1785156794.0614421,15,355.09375,7262.75
1785156794.0614421,15,0.0,6688.5
1785156794.0614421,15,1.640625,6803.75
1785156794.0614421,15,3.28125,6873.75
1785156794.0614421,15,4.921875,6958.5
1785156794.0614421,15,8.1875,7670.5
1785156794.0614421,15,9.8125,7763.25
1785156794.0614421,15,11.390625,7900.5
1785156794.0614421,15,13.015625,8034.0
1785156794.0614421,15,14.65625,8110.75
1785156794.0614421,15,16.296875,8234.0
1785156794.0614421,15,19.546875,8693.25
1785156794.0614421,15,21.1875,8820.25
1785156794.0614421,14,22.8125,9014.75
1785156794.0614421,15,26.359375,3195.75
1785156794.0614421,15,45.6875,108.0
1785156794.0614421,15,48.296875,105.5
1785156794.0614421,15,158.515625,12515.75
1785156794.0614421,15,161.796875,10960.0
1785156794.0614421,15,163.453125,10951.75
1785156794.0614421,15,165.0625,10952.75
1785156794.0614421,15,166.71875,10978.5
1785156794.0614421,15,168.359375,11023.5
1785156794.0614421,15,169.984375,11073.5
1785156794.0614421,15,171.625,11104.25
1785156794.0614421,15,173.265625,11260.0
1785156794.0614421,15,174.890625,11437.0
1785156794.0614421,13,176.53125,11550.25
1785156794.0614421,15,180.796875,1407.25
1785156794.0614421,14,184.15625,1366.75
1785156794.0614421,15,185.8125,1334.25
1785156794.0614421,15,192.265625,1506.75
1785156794.0614421,15,195.53125,1434.75
1785156794.0614421,15,197.125,1464.25
1785156794.0614421,15,198.765625,1494.75
1785156794.0614421,15,200.421875,1528.0
1785156794.0614421,15,202.0,1559.75
1785156794.0614421,15,203.546875,1589.75
1785156794.0614421,15,208.359375,1710.5
1785156794.0614421,7,227.703125,2699.5
1785156794.0614421,12,229.34375,2636.5
1785156794.0614421,15,232.65625,2484.0
1785156794.0614421,15,234.296875,2450.0
1785156794.0614421,15,235.921875,2400.5
1785156794.0614421,15,237.59375,2335.0
1785156794.0614421,15,239.25,2287.5
1785156794.0614421,13,240.90625,2245.75
1785156794.0614421,15,247.5,2098.0
1785156794.0614421,15,249.140625,2063.5
1785156794.0614421,15,250.78125,2026.75
1785156794.0614421,15,252.421875,2005.75
1785156794.0614421,15,254.046875,1987.0
1785156794.0614421,15,255.6875,1968.25
1785156794.0614421,15,257.359375,1952.75
1785156794.0614421,15,271.96875,650.0
1785156794.0614421,15,273.640625,655.0
1785156794.0614421,15,275.109375,662.75
1785156794.0614421,15,276.84375,663.75
1785156794.0614421,15,280.296875,634.75
1785156794.0614421,15,281.75,632.5
1785156794.0614421,15,289.84375,671.75
1785156794.0614421,15,306.40625,2286.75
1785156794.0614421,8,308.046875,2349.0
1785156794.0614421,14,309.671875,2410.25
1785156794.0614421,11,311.3125,2444.0
1785156794.0614421,15,312.953125,2472.25
1785156794.0614421,10,314.5625,2521.25
1785156794.0614421,15,316.21875,2572.75
1785156794.0614421,11,317.8125,2628.5
1785156794.0614421,13,321.078125,2789.5
1785156794.0614421,9,322.734375,2868.25
1785156794.0614421,14,324.34375,2947.0
1785156794.0614421,10,325.96875,3036.0
1785156794.0614421,10,329.21875,3230.75
1785156794.287196,15,352.203125,7153.5
1785156794.287196,15,353.84375,7198.5
1785156794.287196,15,355.5,7240.75
1785156794.287196,15,357.140625,7229.25
1785156794.287196,10,358.796875,7105.5
1785156794.287196,15,2.09375,6693.25
1785156794.287196,15,3.734375,6790.25
1785156794.287196,15,5.359375,6935.75
1785156794.287196,15,8.625,7578.25
1785156794.287196,15,10.203125,7698.25
1785156794.287196,15,11.828125,7814.5
1785156794.287196,15,13.46875,7942.5
1785156794.287196,15,15.09375,8066.0
1785156794.287196,15,16.734375,8192.0
1785156794.287196,15,18.375,8369.75
1785156794.287196,15,20.015625,8561.5
1785156794.287196,15,21.640625,8746.0
1785156794.287196,15,23.265625,8961.5
1785156794.287196,15,47.34375,107.25
1785156794.287196,15,47.921875,105.0
1785156794.287196,15,162.265625,10939.5
1785156794.287196,15,163.890625,10962.0
1785156794.287196,15,165.53125,10971.5
1785156794.287196,14,167.1875,10986.5
1785156794.287196,15,168.8125,10986.5
1785156794.287196,15,170.453125,11016.75
1785156794.287196,14,172.09375,11127.5
1785156794.287196,15,175.359375,11455.75
1785156794.287196,15,186.15625,1317.75
1785156794.287196,15,194.28125,1410.0
1785156794.287196,15,195.921875,1439.0
1785156794.287196,15,197.46875,1466.0
1785156794.287196,15,199.125,1495.25
1785156794.287196,15,200.71875,1524.75
1785156794.287196,15,202.390625,1552.5
1785156794.287196,10,223.171875,2977.75
1785156794.287196,11,228.15625,2710.25
1785156794.287196,14,229.796875,2647.5
1785156794.287196,15,233.140625,2505.5
1785156794.287196,7,234.78125,2463.5
1785156794.287196,15,236.40625,2426.5
1785156794.287196,14,239.6875,2313.5
1785156794.287196,15,241.375,2275.25
1785156794.287196,15,243.03125,2237.5
1785156794.287196,15,249.59375,2097.5
1785156794.287196,15,251.265625,2076.75
1785156794.287196,15,252.890625,2063.25
1785156794.287196,15,254.5625,2031.5
1785156794.287196,15,256.234375,2000.25
1785156794.287196,15,257.84375,1991.25
1785156794.287196,15,259.5,1987.0
1785156794.287196,15,261.171875,1969.75
1785156794.287196,15,274.328125,600.75
1785156794.287196,15,279.0625,613.75
1785156794.287196,15,280.75,599.5
1785156794.287196,15,282.3125,592.75
1785156794.287196,15,283.96875,597.0
1785156794.287196,15,293.734375,639.25
1785156794.287196,15,300.0,726.5
1785156794.287196,13,308.46875,2312.0
1785156794.287196,15,310.078125,2368.0
1785156794.287196,12,311.734375,2415.5
1785156794.287196,13,313.375,2442.75
1785156794.287196,15,315.0,2475.25
1785156794.287196,10,316.625,2528.25
1785156794.287196,15,318.25,2580.5
1785156794.287196,11,319.890625,2638.0
1785156794.287196,11,321.515625,2708.75
1785156794.287196,15,324.828125,2907.5
1785156794.287196,9,326.484375,2988.5
1785156794.287196,15,328.125,3071.75
1785156794.3992662,15,352.453125,7158.0
1785156794.3992662,15,354.09375,7180.5
1785156794.3992662,15,355.734375,7208.0
1785156794.3992662,15,357.375,7277.25
1785156794.3992662,15,2.3125,6699.25
1785156794.3992662,15,3.9375,6779.75
1785156794.3992662,15,5.578125,6873.25
1785156794.3992662,15,7.21875,6990.0
1785156794.3992662,15,10.421875,7663.0
1785156794.3992662,15,12.046875,7773.25
1785156794.3992662,15,13.6875,7942.75
1785156794.3992662,15,15.3125,8059.5
1785156794.3992662,15,16.9375,8137.5
1785156794.3992662,15,18.578125,8305.25
1785156794.3992662,15,20.203125,8516.25
1785156794.3992662,15,21.84375,8688.75
1785156794.3992662,15,23.484375,8897.25
1785156794.3992662,15,47.25,106.75
1785156794.3992662,15,48.71875,104.75
1785156794.3992662,15,51.765625,102.0
1785156794.3992662,10,159.28125,12500.25
1785156794.3992662,15,162.578125,10985.5
1785156794.3992662,14,164.21875,10978.5
1785156794.3992662,15,165.84375,10979.75
1785156794.3992662,15,167.5,11021.25
1785156794.3992662,15,169.140625,11046.75
1785156794.3992662,14,170.765625,11092.75
1785156794.3992662,9,172.40625,11189.25
1785156794.3992662,14,174.046875,11323.75
1785156794.3992662,14,175.671875,11477.5
1785156794.3992662,15,181.5625,1368.5
1785156794.3992662,15,191.25,1493.25
1785156794.3992662,15,194.609375,1411.0
1785156794.3992662,15,196.203125,1441.25
1785156794.3992662,15,197.84375,1468.75
1785156794.3992662,15,199.421875,1497.25
1785156794.3992662,15,201.078125,1525.25
1785156794.3992662,15,202.703125,1552.25
1785156794.3992662,11,228.53125,2662.0
1785156794.3992662,13,230.171875,2596.75
1785156794.3992662,5,233.453125,2458.75
1785156794.3992662,15,235.109375,2430.5
1785156794.3992662,6,236.78125,2388.75
1785156794.3992662,15,238.421875,2331.0
1785156794.3992662,15,240.078125,2275.25
1785156794.3992662,14,241.71875,2235.75
1785156794.3992662,15,248.3125,2097.25
1785156794.3992662,15,249.984375,2069.5
1785156794.3992662,15,251.578125,2042.75
1785156794.3992662,15,253.21875,2016.75
1785156794.3992662,15,254.875,1987.75
1785156794.3992662,15,256.5,1957.5
1785156794.3992662,15,258.171875,1943.5
1785156794.3992662,15,259.8125,1937.75
1785156794.3992662,14,261.421875,1927.5
1785156794.3992662,15,274.671875,585.5
1785156794.3992662,15,276.3125,592.5
1785156794.3992662,15,282.875,574.0
1785156794.3992662,12,284.546875,575.25
1785156794.3992662,15,286.125,580.0
1785156794.3992662,15,287.75,580.25
1785156794.3992662,15,289.203125,582.5
1785156794.3992662,15,290.953125,592.5
1785156794.3992662,15,292.375,605.5
1785156794.3992662,15,307.203125,2294.75
1785156794.3992662,8,308.828125,2344.25
1785156794.3992662,15,310.484375,2398.75
1785156794.3992662,11,312.109375,2431.5
1785156794.3992662,10,313.71875,2465.75
1785156794.3992662,15,315.34375,2520.0
1785156794.3992662,15,317.0,2576.25
1785156794.3992662,7,318.625,2638.5
1785156794.3992662,15,320.234375,2697.25
1785156794.3992662,8,323.515625,2879.75
1785156794.3992662,15,326.78125,3069.25
1785156794.3992662,12,330.03125,3295.5
1785156794.6247616,15,352.78125,7154.75
1785156794.6247616,15,354.421875,7171.25
1785156794.6247616,15,356.0625,7190.5
1785156794.6247616,15,357.6875,7232.75
1785156794.6247616,15,359.328125,7206.0
1785156794.6247616,15,2.625,6781.75
1785156794.6247616,15,4.265625,6732.75
1785156794.6247616,15,5.890625,6828.0
1785156794.6247616,15,7.515625,6956.25
1785156794.6247616,15,10.75,7625.5
1785156794.6247616,15,12.390625,7750.5
1785156794.6247616,15,14.015625,7880.5
1785156794.6247616,15,15.640625,8030.25
1785156794.6247616,15,17.265625,8101.25
1785156794.6247616,15,18.90625,8228.5
1785156794.6247616,15,20.53125,8459.5
1785156794.6247616,15,22.15625,8643.0
1785156794.6247616,15,23.796875,8840.25
1785156794.6247616,13,25.421875,9053.5
1785156794.6247616,15,47.828125,106.5
1785156794.6247616,15,161.125,12488.75
1785156794.6247616,13,164.421875,10987.5
1785156794.6247616,15,166.046875,11004.25
1785156794.6247616,15,167.6875,10953.5
1785156794.6247616,15,169.328125,10954.5
1785156794.6247616,12,170.96875,11041.75
1785156794.6247616,14,172.59375,11167.0
1785156794.6247616,15,174.234375,11255.0
1785156794.6247616,15,175.875,11351.5
1785156794.6247616,15,180.0625,1385.25
1785156794.6247616,15,193.078125,1385.75
1785156794.6247616,15,194.71875,1409.5
1785156794.6247616,15,196.28125,1439.0
1785156794.6247616,15,197.90625,1463.75
1785156794.6247616,15,199.515625,1489.25
1785156794.6247616,15,201.15625,1517.0
1785156794.6247616,15,202.734375,1541.75
1785156794.6247616,9,204.453125,1567.0
1785156794.6247616,9,223.625,2965.0
1785156794.6247616,6,226.921875,2790.0
1785156794.6247616,13,228.5625,2727.75
1785156794.6247616,10,230.21875,2657.5
1785156794.6247616,13,231.859375,2594.25
1785156794.6247616,14,233.5,2537.0
1785156794.6247616,15,235.109375,2489.0
1785156794.6247616,15,236.78125,2446.0
1785156794.6247616,15,238.4375,2402.5
1785156794.6247616,15,240.046875,2358.75
1785156794.6247616,15,241.71875,2306.25
1785156794.6247616,15,243.375,2266.5
1785156794.6247616,15,245.0,2244.5
1785156794.6247616,12,246.65625,2225.5
1785156794.6247616,15,254.828125,2090.0
1785156794.6247616,15,256.46875,2059.0
1785156794.6247616,15,258.125,2038.25
1785156794.6247616,15,259.75,2025.0
1785156794.6247616,15,261.40625,1997.5
1785156794.6247616,15,276.375,545.5
1785156794.6247616,15,278.171875,542.75
1785156794.6247616,15,279.65625,540.0
1785156794.6247616,15,281.25,537.25
1785156794.6247616,15,282.90625,534.75
1785156794.6247616,15,284.515625,533.25
1785156794.6247616,15,286.21875,532.25
1785156794.6247616,15,302.171875,644.75
1785156794.6247616,9,310.453125,2330.0
1785156794.6247616,15,312.078125,2385.5
1785156794.6247616,10,313.734375,2429.0
1785156794.6247616,11,315.34375,2454.75
1785156794.6247616,15,317.0,2493.5
1785156794.6247616,15,318.609375,2552.25
1785156794.6247616,11,320.234375,2622.0
1785156794.6247616,15,321.859375,2693.75
1785156794.6247616,8,323.515625,2770.75
1785156794.6247616,14,326.75,2978.25
1785156794.6247616,4,331.625,3324.75
1785156794.8509784,15,352.65625,7104.25
1785156794.8509784,15,354.3125,7131.0
1785156794.8509784,15,355.953125,7165.75
1785156794.8509784,15,357.578125,7201.25
1785156794.8509784,15,359.21875,7257.5
1785156794.8509784,12,0.859375,7237.25
1785156794.8509784,15,4.15625,6779.0
1785156794.8509784,15,5.796875,6761.5
1785156794.8509784,15,7.4375,6891.0
1785156794.8509784,15,9.0625,7014.25
1785156794.8509784,15,12.28125,7720.0
1785156794.8509784,15,13.921875,7787.5
1785156794.8509784,15,15.546875,7914.25
1785156794.8509784,15,17.1875,8060.25
1785156794.8509784,15,18.8125,8133.25
1785156794.8509784,15,20.4375,8262.0
1785156794.8509784,15,22.078125,8462.5
1785156794.8509784,15,23.703125,8661.0
1785156794.8509784,15,25.34375,8842.25
1785156794.8509784,15,47.125,106.5
1785156794.8509784,15,50.859375,101.75
1785156794.8509784,9,161.015625,12441.0
1785156794.8509784,15,164.3125,10902.25
1785156794.8509784,15,165.9375,10983.25
1785156794.8509784,15,167.578125,11007.25
1785156794.8509784,15,169.203125,11012.25
1785156794.8509784,15,170.859375,11059.75
1785156794.8509784,12,172.484375,11108.5
1785156794.8509784,15,174.125,11253.75
1785156794.8509784,15,185.0,1315.25
1785156794.8509784,15,193.140625,1385.0
1785156794.8509784,15,194.71875,1408.0
1785156794.8509784,15,196.34375,1433.0
1785156794.8509784,15,198.015625,1455.75
1785156794.8509784,15,199.640625,1480.5
1785156794.8509784,15,201.1875,1506.0
1785156794.8509784,15,202.84375,1532.0
1785156794.8509784,8,230.171875,2660.25
1785156794.8509784,6,231.84375,2584.25
1785156794.8509784,15,233.515625,2516.75
1785156794.8509784,5,235.140625,2467.0
1785156794.8509784,14,236.78125,2434.75
1785156794.8509784,15,238.40625,2406.75
1785156794.8509784,15,241.734375,2277.25
1785156794.8509784,15,243.375,2245.0
1785156794.8509784,8,245.03125,2208.25
1785156794.8509784,15,253.265625,2087.0
1785156794.8509784,15,254.875,2059.0
1785156794.8509784,15,256.546875,2017.75
1785156794.8509784,15,258.171875,1993.75
1785156794.8509784,15,259.796875,1984.5
1785156794.8509784,15,261.4375,1971.0
1785156794.8509784,15,263.0625,1964.75
1785156794.8509784,15,276.671875,516.0
1785156794.8509784,15,278.34375,504.0
1785156794.8509784,15,280.078125,498.0
1785156794.8509784,15,281.765625,496.75
1785156794.8509784,15,283.15625,496.25
1785156794.8509784,15,284.78125,496.25
1785156794.8509784,15,286.671875,495.75
1785156794.8509784,12,288.171875,494.75
1785156794.8509784,15,289.875,498.5
1785156794.8509784,15,291.390625,499.25
1785156794.8509784,15,292.984375,500.0
1785156794.8509784,15,305.59375,602.25
1785156794.8509784,10,313.6875,2442.0
1785156794.8509784,15,315.34375,2474.75
1785156794.8509784,11,316.984375,2515.0
1785156794.8509784,15,318.59375,2558.75
1785156794.8509784,6,320.21875,2628.75
1785156794.8509784,15,321.828125,2704.5
1785156794.8509784,15,326.734375,2986.0
1785156794.8509784,15,328.34375,3080.5
1785156794.8509784,11,333.21875,3426.25
1785156794.8509784,10,334.84375,3534.5
1785156795.075628,15,352.78125,7040.25
1785156795.075628,15,354.4375,7088.25
1785156795.075628,15,356.0625,7157.5
1785156795.075628,15,357.71875,7188.75
1785156795.075628,15,359.359375,7229.25
1785156795.075628,15,1.0,7237.25
1785156795.075628,15,2.65625,7136.5
1785156795.075628,15,5.9375,6731.5
1785156795.075628,15,7.59375,6757.25
1785156795.075628,15,9.21875,6885.0
1785156795.075628,15,10.734375,7022.5
1785156795.075628,15,14.0,7737.25
1785156795.075628,15,15.609375,7865.5
1785156795.075628,15,17.265625,7989.5
1785156795.075628,15,18.875,8063.0
1785156795.075628,15,20.515625,8167.75
1785156795.075628,15,23.765625,8604.0
1785156795.075628,15,25.40625,8789.75
1785156795.075628,15,46.625,106.5
1785156795.075628,15,48.5625,104.5
1785156795.075628,15,51.078125,101.5
1785156795.075628,15,166.015625,10962.0
1785156795.075628,15,167.65625,10962.25
1785156795.075628,15,169.296875,10971.25
1785156795.075628,15,170.9375,10970.25
1785156795.075628,15,172.5625,10982.75
1785156795.075628,15,174.21875,11080.75
1785156795.075628,15,180.015625,1350.75
1785156795.075628,8,181.640625,1331.0
1785156795.075628,15,183.34375,1305.0
1785156795.075628,15,191.484375,1361.75
1785156795.075628,15,193.0625,1381.0
1785156795.075628,15,194.6875,1399.75
1785156795.075628,15,196.3125,1423.0
1785156795.075628,15,197.953125,1447.25
1785156795.075628,15,199.515625,1471.5
1785156795.075628,15,201.1875,1493.25
1785156795.075628,11,206.015625,1578.75
1785156795.075628,8,228.609375,2686.5
1785156795.075628,8,230.234375,2634.0
1785156795.075628,14,231.921875,2562.25
1785156795.075628,5,233.5625,2490.75
1785156795.075628,14,235.203125,2441.25
1785156795.075628,15,236.828125,2411.0
1785156795.075628,4,238.46875,2367.5
1785156795.075628,14,240.140625,2305.0
1785156795.075628,8,241.796875,2263.5
1785156795.075628,15,253.328125,2065.5
1785156795.075628,15,254.96875,2036.0
1785156795.075628,15,256.59375,2006.25
1785156795.075628,15,258.265625,1975.5
1785156795.075628,15,259.875,1959.0
1785156795.075628,15,261.515625,1955.0
1785156795.075628,15,263.140625,1938.25
1785156795.075628,15,278.5625,477.25
1785156795.075628,15,280.265625,466.75
1785156795.075628,15,281.78125,461.5
1785156795.075628,15,283.6875,459.25
1785156795.075628,15,285.1875,458.5
1785156795.075628,15,286.65625,458.25
1785156795.075628,15,288.4375,458.25
1785156795.075628,15,290.1875,456.5
1785156795.075628,15,294.875,460.0
1785156795.075628,15,296.546875,465.5
1785156795.075628,15,316.96875,2565.25
1785156795.075628,14,318.578125,2621.25
1785156795.075628,15,320.1875,2690.75
1785156795.075628,11,321.828125,2770.0
1785156795.075628,6,333.265625,3563.5
1785156795.4137254,15,352.90625,6928.5
1785156795.4137254,15,354.5625,7049.75
1785156795.4137254,15,356.1875,7109.0
1785156795.4137254,15,357.828125,7131.0
1785156795.4137254,15,359.46875,7174.25
1785156795.4137254,15,1.09375,7219.0
1785156795.4137254,15,2.734375,7240.25
1785156795.4137254,15,4.375,7177.25
1785156795.4137254,15,7.671875,6772.5
1785156795.4137254,15,9.296875,6797.25
1785156795.4137254,15,10.90625,6883.25
1785156795.4137254,15,12.53125,7010.75
1785156795.4137254,15,15.796875,7742.5
1785156795.4137254,15,17.4375,7814.25
1785156795.4137254,15,19.0625,7932.75
1785156795.4137254,15,20.703125,8068.0
1785156795.4137254,15,22.328125,8202.5
1785156795.4137254,15,23.96875,8403.0
1785156795.4137254,15,25.59375,8570.0
1785156795.4137254,15,46.703125,106.25
1785156795.4137254,13,158.046875,12788.75
1785156795.4137254,15,166.25,10956.5
1785156795.4137254,15,167.890625,10949.0
1785156795.4137254,15,169.515625,10951.75
1785156795.4137254,15,171.171875,11012.0
1785156795.4137254,15,172.796875,11085.0
1785156795.4137254,15,190.125,1353.5
1785156795.4137254,15,191.75,1360.75
1785156795.4137254,15,193.390625,1378.5
1785156795.4137254,15,194.953125,1394.5
1785156795.4137254,15,196.609375,1416.5
1785156795.4137254,15,198.21875,1441.0
1785156795.4137254,15,199.828125,1460.75
1785156795.4137254,15,201.484375,1478.75
1785156795.4137254,15,207.9375,1603.25
1785156795.4137254,9,222.203125,3120.25
1785156795.4137254,10,232.0625,2593.5
1785156795.4137254,15,233.734375,2532.5
1785156795.4137254,8,235.359375,2473.75
1785156795.4137254,12,237.0,2421.5
1785156795.4137254,11,241.984375,2274.0
1785156795.4137254,15,251.8125,2095.0
1785156795.4137254,15,253.484375,2067.75
1785156795.4137254,15,255.125,2034.25
1785156795.4137254,15,256.75,2010.25
1785156795.4137254,15,258.4375,1986.5
1785156795.4137254,15,260.078125,1962.75
1785156795.4137254,15,261.671875,1953.0
1785156795.4137254,15,263.3125,1943.25
1785156795.4137254,15,265.0,1935.25
1785156795.4137254,15,280.84375,425.5
1785156795.4137254,15,282.703125,415.75
1785156795.4137254,15,284.21875,409.75
1785156795.4137254,15,286.078125,406.25
1785156795.4137254,15,287.328125,404.5
1785156795.4137254,15,289.28125,403.75
1785156795.4137254,15,290.953125,403.75
1785156795.4137254,15,292.21875,404.0
1785156795.4137254,15,294.265625,402.75
1785156795.4137254,15,295.65625,400.5
1785156795.4137254,15,297.390625,398.25
1785156795.4137254,15,300.59375,401.75
1785156795.4137254,15,308.390625,445.0
1785156795.4137254,15,311.671875,474.25
1785156795.4137254,12,322.09375,2801.5
1785156795.4137254,15,326.953125,3083.5
1785156795.636125,15,352.90625,7000.0
1785156795.636125,15,354.5625,7033.75
1785156795.636125,15,356.1875,7073.25
1785156795.636125,15,357.828125,7127.25
1785156795.636125,15,359.453125,7143.0
1785156795.636125,15,1.09375,7181.0
1785156795.636125,15,2.75,7233.5
1785156795.636125,15,4.375,7264.5
1785156795.636125,15,6.015625,7175.75
1785156795.636125,15,9.3125,6737.75
1785156795.636125,15,10.90625,6827.75
1785156795.636125,15,12.546875,6961.75
1785156795.636125,15,14.171875,7075.0
1785156795.636125,15,17.421875,7784.75
1785156795.636125,15,19.0625,7866.25
1785156795.636125,15,20.6875,8010.0
1785156795.636125,15,22.3125,8141.5
1785156795.636125,15,23.953125,8210.25
1785156795.636125,15,47.59375,106.25
1785156795.636125,15,157.9375,12806.75
1785156795.636125,15,164.5,12542.5
1785156795.636125,15,167.78125,10972.75
1785156795.636125,13,169.421875,11054.75
1785156795.636125,15,171.0625,11043.5
1785156795.636125,15,172.703125,10975.25
1785156795.636125,15,178.59375,1333.25
1785156795.636125,15,180.296875,1305.25
1785156795.636125,15,190.140625,1338.0
1785156795.636125,15,191.703125,1359.75
1785156795.636125,15,193.359375,1377.0
1785156795.636125,15,195.015625,1390.0
1785156795.636125,15,196.578125,1408.5
1785156795.636125,15,198.234375,1431.0
1785156795.636125,15,199.828125,1451.25
1785156795.636125,15,201.46875,1470.75
1785156795.636125,9,222.09375,3123.25
1785156795.636125,8,230.3125,2682.25
1785156795.636125,15,233.578125,2536.5
1785156795.636125,5,235.265625,2475.0
1785156795.636125,15,236.890625,2432.75
1785156795.636125,13,238.53125,2399.75
1785156795.636125,13,240.171875,2353.75
1785156795.636125,13,241.8125,2297.25
1785156795.636125,15,255.0,2078.75
1785156795.636125,15,256.671875,2047.75
1785156795.636125,15,258.3125,2016.75
1785156795.636125,15,259.9375,2005.5
1785156795.636125,15,261.578125,2002.25
1785156795.636125,15,263.25,1993.5
1785156795.636125,15,264.875,1979.25
1785156795.636125,15,266.5,1975.75
1785156795.636125,15,282.90625,391.5
1785156795.636125,15,284.234375,382.5
1785156795.636125,15,286.34375,376.0
1785156795.636125,15,287.53125,372.0
1785156795.636125,15,289.34375,370.0
1785156795.636125,15,291.25,368.75
1785156795.636125,15,292.59375,368.75
1785156795.636125,15,296.078125,369.25
1785156795.636125,15,297.375,368.25
1785156795.636125,15,299.03125,366.25
1785156795.636125,15,300.875,364.5
1785156795.636125,15,302.828125,365.25
1785156795.636125,12,307.125,382.0
1785156795.636125,15,313.640625,418.25
1785156795.636125,15,335.046875,3430.75
1785156795.862343,15,352.875,6917.5
1785156795.862343,15,354.515625,7002.0
1785156795.862343,15,356.15625,7032.5
1785156795.862343,15,357.78125,7085.75
1785156795.862343,15,359.421875,7139.0
1785156795.862343,15,1.078125,7169.0
1785156795.862343,15,2.71875,7215.5
1785156795.862343,15,4.34375,7253.0
1785156795.862343,15,7.640625,7190.5
1785156795.862343,15,10.828125,6726.0
1785156795.862343,15,12.453125,6855.75
1785156795.862343,15,14.09375,7010.25
1785156795.862343,15,15.71875,7123.75
1785156795.862343,15,18.96875,7786.0
1785156795.862343,15,20.609375,7916.75
1785156795.862343,15,22.234375,8045.75
1785156795.862343,15,23.859375,8172.5
1785156795.862343,15,25.5,8332.0
1785156795.862343,15,47.28125,106.5
1785156795.862343,13,157.953125,12804.25
1785156795.862343,13,159.59375,12728.0
1785156795.862343,9,162.875,12672.0
1785156795.862343,13,164.5,12613.0
1785156795.862343,15,167.796875,11037.25
1785156795.862343,15,169.4375,10979.75
1785156795.862343,15,171.078125,10984.75
1785156795.862343,15,172.703125,11038.5
1785156795.862343,15,189.96875,1337.0
1785156795.862343,15,191.640625,1355.0
1785156795.862343,15,193.28125,1369.5
1785156795.862343,15,194.859375,1385.5
1785156795.862343,15,196.515625,1404.0
1785156795.862343,15,198.125,1423.0
1785156795.862343,15,199.71875,1437.5
1785156795.862343,14,206.15625,1529.25
1785156795.862343,15,207.765625,1573.5
1785156795.862343,14,228.59375,2659.0
1785156795.862343,8,230.265625,2597.0
1785156795.862343,11,231.9375,2534.0
1785156795.862343,7,233.578125,2473.5
1785156795.862343,15,235.203125,2438.0
1785156795.862343,5,236.84375,2393.75
1785156795.862343,11,238.515625,2341.5
1785156795.862343,14,240.125,2297.25
1785156795.862343,15,254.921875,2050.75
1785156795.862343,15,256.5625,2031.25
1785156795.862343,15,258.171875,2007.75
1785156795.862343,15,259.859375,1985.5
1785156795.862343,15,261.4375,1978.25
1785156795.862343,15,263.125,1979.75
1785156795.862343,15,264.75,1966.75
1785156795.862343,15,266.34375,1957.25
1785156795.862343,15,284.265625,366.75
1785156795.862343,15,285.921875,358.75
1785156795.862343,15,287.765625,352.25
1785156795.862343,15,289.421875,348.25
1785156795.862343,15,290.875,346.25
1785156795.862343,15,292.671875,346.0
1785156795.862343,12,295.859375,346.75
1785156795.862343,15,297.484375,346.0
1785156795.862343,15,299.328125,345.5
1785156795.862343,15,300.96875,345.75
1785156795.862343,15,302.859375,344.5
1785156795.862343,15,304.1875,343.5
1785156795.862343,15,310.65625,361.25
1785156795.862343,15,316.875,399.0
1785156796.0886526,15,352.796875,6913.75
1785156796.0886526,15,354.4375,6995.5
1785156796.0886526,15,356.078125,7029.75
1785156796.0886526,15,357.703125,7062.5
1785156796.0886526,15,359.34375,7090.0
1785156796.0886526,15,0.984375,7140.75
1785156796.0886526,15,2.625,7199.0
1785156796.0886526,15,4.265625,7235.0
1785156796.0886526,15,5.890625,7282.5
1785156796.0886526,15,7.53125,7203.75
1785156796.0886526,15,10.8125,6747.75
1785156796.0886526,15,12.453125,6840.25
1785156796.0886526,15,15.71875,7111.25
1785156796.0886526,15,18.96875,7775.5
1785156796.0886526,15,20.609375,7908.0
1785156796.0886526,15,22.234375,8036.5
1785156796.0886526,15,23.875,8124.5
1785156796.0886526,15,47.5,106.5
1785156796.0886526,14,158.015625,12801.0
1785156796.0886526,15,159.65625,12732.75
1785156796.0886526,7,162.921875,12679.75
1785156796.0886526,13,164.5625,12538.5
1785156796.0886526,15,167.859375,10993.5
1785156796.0886526,15,169.5,10966.75
1785156796.0886526,15,171.125,10980.5
1785156796.0886526,15,172.78125,11034.0
1785156796.0886526,15,178.671875,1338.25
1785156796.0886526,15,180.3125,1303.75
1785156796.0886526,15,181.921875,1290.25
1785156796.0886526,15,190.140625,1337.0
1785156796.0886526,15,191.703125,1354.5
1785156796.0886526,15,193.34375,1369.5
1785156796.0886526,15,194.9375,1384.75
1785156796.0886526,15,196.65625,1401.25
1785156796.0886526,15,198.265625,1421.25
1785156796.0886526,15,199.859375,1439.0
1785156796.0886526,15,204.71875,1537.25
1785156796.0886526,13,233.8125,2560.75
1785156796.0886526,13,235.5,2488.25
1785156796.0886526,14,237.125,2434.25
1785156796.0886526,15,238.765625,2406.75
1785156796.0886526,3,240.421875,2368.75
1785156796.0886526,15,243.703125,2260.75
1785156796.0886526,15,256.875,2066.0
1785156796.0886526,15,258.53125,2035.5
1785156796.0886526,15,260.15625,2006.5
1785156796.0886526,15,261.796875,1993.25
1785156796.0886526,15,263.421875,1983.75
1785156796.0886526,15,265.078125,1961.75
1785156796.0886526,15,266.75,1953.0
1785156796.0886526,15,284.609375,369.25
1785156796.0886526,15,286.71875,361.25
1785156796.0886526,15,288.09375,355.5
1785156796.0886526,15,290.015625,352.0
1785156796.0886526,15,291.203125,350.25
1785156796.0886526,15,293.28125,350.25
1785156796.0886526,15,296.359375,350.75
1785156796.0886526,15,298.0625,350.75
1785156796.0886526,15,299.828125,350.0
1785156796.0886526,15,301.0625,349.0
1785156796.0886526,15,303.140625,347.75
1785156796.0886526,15,304.5625,349.25
1785156796.0886526,15,307.890625,354.5
1785156796.0886526,15,335.296875,3420.5
1785156796.0886526,15,336.921875,3405.0
1785156796.426391,15,352.703125,6891.75
1785156796.426391,15,354.34375,6940.75
1785156796.426391,15,355.984375,6986.5
1785156796.426391,15,357.625,7029.25
1785156796.426391,15,359.265625,7063.5
1785156796.426391,15,0.90625,7142.0
1785156796.426391,15,2.546875,7197.25
1785156796.426391,15,4.203125,7223.0
1785156796.426391,15,5.828125,7266.75
1785156796.426391,15,7.484375,7189.25
1785156796.426391,15,10.703125,6705.0
1785156796.426391,15,12.34375,6818.0
1785156796.426391,15,13.984375,6959.75
1785156796.426391,15,15.609375,7086.5
1785156796.426391,15,18.875,7780.75
1785156796.426391,15,20.5,7907.75
1785156796.426391,15,22.125,8036.25
1785156796.426391,15,23.765625,8148.75
1785156796.426391,15,25.40625,8324.5
1785156796.426391,15,46.984375,106.5
1785156796.426391,15,50.984375,101.0
1785156796.426391,11,158.0625,12797.5
1785156796.426391,15,159.703125,12703.0
1785156796.426391,11,164.625,12532.5
1785156796.426391,15,167.921875,10940.25
1785156796.426391,13,169.546875,10967.75
1785156796.426391,15,171.1875,10976.25
1785156796.426391,15,172.828125,10971.0
1785156796.426391,15,178.6875,1331.5
1785156796.426391,15,180.390625,1299.75
1785156796.426391,15,182.0625,1292.75
1785156796.426391,15,190.21875,1336.5
1785156796.426391,15,191.890625,1352.25
1785156796.426391,15,193.484375,1369.0
1785156796.426391,15,195.109375,1385.25
1785156796.426391,15,196.75,1402.0
1785156796.426391,15,198.40625,1421.5
1785156796.426391,15,200.015625,1439.5
1785156796.426391,15,204.78125,1540.75
1785156796.426391,8,206.4375,1541.5
1785156796.426391,15,208.03125,1576.25
1785156796.426391,12,233.921875,2537.5
1785156796.426391,6,235.578125,2477.0
1785156796.426391,15,237.21875,2433.75
1785156796.426391,2,238.875,2391.5
1785156796.426391,11,240.484375,2345.25
1785156796.426391,11,242.140625,2295.0
1785156796.426391,8,243.796875,2256.0
1785156796.426391,15,255.34375,2072.75
1785156796.426391,15,257.0,2045.75
1785156796.426391,15,258.625,2021.25
1785156796.426391,15,260.28125,2001.75
1785156796.426391,15,261.9375,1991.25
1785156796.426391,15,263.5625,1978.5
1785156796.426391,15,265.203125,1952.75
1785156796.426391,15,266.859375,1948.0
1785156796.426391,15,284.65625,368.5
1785156796.426391,15,286.484375,360.75
1785156796.426391,15,288.296875,355.25
1785156796.426391,15,289.890625,352.0
1785156796.426391,15,291.71875,350.25
1785156796.426391,15,293.09375,350.25
1785156796.426391,15,296.578125,351.0
1785156796.426391,15,297.875,351.25
1785156796.426391,15,299.609375,350.5
1785156796.426391,15,301.578125,349.0
1785156796.426391,15,303.40625,347.75
1785156796.426391,15,304.53125,350.0
1785156796.426391,15,307.96875,354.5
1785156796.426391,15,312.640625,378.5
1785156796.426391,13,315.765625,397.75
1785156796.426391,15,337.15625,3357.5
1785156796.7626374,15,353.0,6930.25
1785156796.7626374,15,354.640625,6973.5
1785156796.7626374,15,356.28125,7058.25
1785156796.7626374,15,357.921875,7117.0
1785156796.7626374,15,359.5625,7138.0
1785156796.7626374,15,1.203125,7154.5
1785156796.7626374,15,2.84375,7194.0
1785156796.7626374,15,4.484375,7237.0
1785156796.7626374,8,6.125,7344.0
1785156796.7626374,15,11.0,6746.25
1785156796.7626374,15,12.640625,6870.5
1785156796.7626374,15,14.28125,7034.25
1785156796.7626374,15,15.921875,7149.0
1785156796.7626374,15,19.171875,7827.25
1785156796.7626374,15,20.8125,7948.5
1785156796.7626374,15,22.4375,8035.5
1785156796.7626374,15,24.078125,8167.0
1785156796.7626374,15,25.703125,8357.0
1785156796.7626374,15,47.65625,106.25
1785156796.7626374,15,52.0,100.5
1785156796.7626374,14,158.328125,12765.0
1785156796.7626374,15,159.96875,12749.75
1785156796.7626374,9,163.265625,12781.5
1785156796.7626374,15,164.890625,12771.25
1785156796.7626374,15,168.203125,10940.0
1785156796.7626374,15,169.828125,10923.75
1785156796.7626374,15,171.46875,10943.25
1785156796.7626374,15,173.109375,10964.0
1785156796.7626374,15,188.78125,1333.0
1785156796.7626374,15,190.4375,1339.0
1785156796.7626374,15,192.03125,1355.75
1785156796.7626374,15,193.703125,1370.75
1785156796.7626374,15,195.296875,1385.75
1785156796.7626374,15,196.9375,1404.25
1785156796.7626374,15,198.53125,1426.25
1785156796.7626374,15,200.171875,1446.25
1785156796.7626374,7,208.28125,1589.25
1785156796.7626374,10,230.875,2661.0
1785156796.7626374,5,232.5625,2594.25
1785156796.7626374,15,234.203125,2535.0
1785156796.7626374,7,235.84375,2473.0
1785156796.7626374,13,237.5,2425.25
1785156796.7626374,15,239.140625,2400.5
1785156796.7626374,13,242.46875,2284.5
1785156796.7626374,15,255.625,2069.0
1785156796.7626374,15,257.234375,2042.75
1785156796.7626374,15,258.890625,2019.5
1785156796.7626374,15,260.515625,2006.0
1785156796.7626374,15,262.1875,1995.0
1785156796.7626374,15,263.8125,1984.0
1785156796.7626374,15,265.453125,1963.75
1785156796.7626374,15,267.0625,1949.75
1785156796.7626374,15,285.40625,367.0
1785156796.7626374,15,286.953125,359.5
1785156796.7626374,15,288.453125,354.75
1785156796.7626374,15,290.046875,352.0
1785156796.7626374,15,292.0625,350.25
1785156796.7626374,15,293.25,350.25
1785156796.7626374,15,297.03125,351.25
1785156796.7626374,15,298.484375,351.0
1785156796.7626374,15,300.15625,350.0
1785156796.7626374,15,301.40625,348.75
1785156796.7626374,15,303.203125,347.75
1785156796.7626374,15,308.078125,352.75
1785156796.985668,15,352.609375,6892.25
1785156796.985668,15,354.21875,6975.25
1785156796.985668,15,355.875,7029.5
1785156796.985668,15,357.515625,7066.75
1785156796.985668,15,359.15625,7083.75
1785156796.985668,15,0.796875,7131.25
1785156796.985668,15,2.4375,7185.75
1785156796.985668,15,4.078125,7220.25
1785156796.985668,15,5.71875,7266.25
1785156796.985668,15,7.375,7191.0
1785156796.985668,15,10.640625,6754.25
1785156796.985668,15,12.265625,6826.0
1785156796.985668,15,13.90625,6961.75
1785156796.985668,15,15.53125,7081.5
1785156796.985668,15,18.796875,7768.75
1785156796.985668,15,20.4375,7862.75
1785156796.985668,15,22.0625,8011.75
1785156796.985668,15,23.703125,8143.75
1785156796.985668,15,25.359375,8315.25
1785156796.985668,15,46.375,106.5
1785156796.985668,15,157.921875,12768.25
1785156796.985668,14,159.5625,12894.25
1785156796.985668,14,167.78125,10975.0
1785156796.985668,15,169.421875,10965.75
1785156796.985668,15,171.0625,10972.25
1785156796.985668,15,172.6875,10984.25
1785156796.985668,15,178.546875,1329.5
1785156796.985668,15,180.28125,1303.0
1785156796.985668,15,181.90625,1286.75
1785156796.985668,15,190.046875,1333.75
1785156796.985668,15,191.640625,1351.5
1785156796.985668,15,193.328125,1368.75
1785156796.985668,15,194.875,1384.0
1785156796.985668,15,196.578125,1402.0
1785156796.985668,15,198.140625,1422.0
1785156796.985668,15,199.8125,1441.0
1785156796.985668,15,201.421875,1464.0
1785156796.985668,15,204.625,1490.25
1785156796.985668,7,222.15625,3113.5
1785156796.985668,8,230.40625,2678.25
1785156796.985668,11,232.03125,2615.25
1785156796.985668,15,233.703125,2542.5
1785156796.985668,13,235.34375,2484.25
1785156796.985668,15,237.0,2437.0
1785156796.985668,15,238.65625,2400.75
1785156796.985668,15,240.3125,2363.25
1785156796.985668,15,256.765625,2062.75
1785156796.985668,15,258.421875,2033.5
1785156796.985668,15,260.09375,1997.75
1785156796.985668,15,261.703125,1984.75
1785156796.985668,15,263.3125,1983.75
1785156796.985668,15,265.0,1960.5
1785156796.985668,15,266.640625,1951.75
1785156796.985668,15,284.890625,369.25
1785156796.985668,15,286.515625,361.5
1785156796.985668,15,288.09375,356.0
1785156796.985668,15,289.921875,352.25
1785156796.985668,15,291.1875,350.25
1785156796.985668,15,293.046875,350.25
1785156796.985668,13,296.265625,350.75
1785156796.985668,15,298.171875,350.75
1785156796.985668,15,299.90625,350.0
1785156796.985668,15,301.484375,348.75
1785156796.985668,15,303.078125,347.75
1785156796.985668,15,304.46875,349.0
1785156796.985668,15,306.4375,354.25
1785156796.985668,15,308.15625,356.5
1785156796.985668,15,312.78125,373.75
1785156796.985668,15,333.640625,3464.0
1785156796.985668,15,335.3125,3413.5
1785156796.985668,15,336.953125,3366.0
1785156797.3231542,15,352.84375,6961.25
1785156797.3231542,15,354.484375,6987.5
1785156797.3231542,15,356.140625,7018.25
1785156797.3231542,15,357.765625,7021.75
1785156797.3231542,15,359.421875,7081.25
1785156797.3231542,15,1.0625,7164.25
1785156797.3231542,15,2.703125,7211.0
1785156797.3231542,15,4.34375,7245.0
1785156797.3231542,15,6.0,7284.5
1785156797.3231542,15,7.640625,7208.75
1785156797.3231542,15,10.859375,6748.75
1785156797.3231542,15,12.484375,6871.25
1785156797.3231542,15,14.125,6988.5
1785156797.3231542,15,15.75,7103.75
1785156797.3231542,15,19.015625,7775.5
1785156797.3231542,15,20.640625,7913.5
1785156797.3231542,15,22.265625,8054.25
1785156797.3231542,15,23.90625,8171.5
1785156797.3231542,15,25.53125,8336.25
1785156797.3231542,15,46.96875,106.5
1785156797.3231542,15,51.03125,101.0
1785156797.3231542,14,158.203125,12858.0
1785156797.3231542,15,159.828125,12873.5
1785156797.3231542,15,168.0625,10979.0
1785156797.3231542,13,169.703125,11009.0
1785156797.3231542,15,171.34375,10967.75
1785156797.3231542,15,172.984375,10952.75
1785156797.3231542,15,182.15625,1297.25
1785156797.3231542,15,190.3125,1336.25
1785156797.3231542,15,191.90625,1352.5
1785156797.3231542,15,193.59375,1370.0
1785156797.3231542,15,195.171875,1385.75
1785156797.3231542,15,196.828125,1404.25
1785156797.3231542,15,198.4375,1426.5
1785156797.3231542,15,200.0625,1442.5
1785156797.3231542,15,208.171875,1579.0
1785156797.3231542,9,229.078125,2734.5
1785156797.3231542,9,230.75,2659.5
1785156797.3231542,11,232.40625,2592.0
1785156797.3231542,15,234.0625,2534.75
1785156797.3231542,7,235.703125,2475.0
1785156797.3231542,15,237.359375,2427.0
1785156797.3231542,12,239.015625,2403.0
1785156797.3231542,15,242.328125,2287.5
1785156797.3231542,8,243.953125,2255.75
1785156797.3231542,15,255.484375,2072.5
1785156797.3231542,15,257.140625,2052.5
1785156797.3231542,15,258.796875,2028.75
1785156797.3231542,15,260.421875,2006.75
1785156797.3231542,15,262.078125,1996.0
1785156797.3231542,15,263.71875,1985.25
1785156797.3231542,15,265.375,1966.25
1785156797.3231542,15,267.03125,1955.25
1785156797.3231542,15,285.109375,368.0
1785156797.3231542,15,286.984375,360.25
1785156797.3231542,15,288.4375,354.75
1785156797.3231542,15,290.3125,351.75
1785156797.3231542,15,292.03125,350.25
1785156797.3231542,15,293.4375,350.25
1785156797.3231542,15,296.84375,350.75
1785156797.3231542,15,298.296875,350.75
1785156797.3231542,15,300.1875,350.0
1785156797.3231542,15,301.390625,348.75
1785156797.3231542,15,303.171875,347.75
1785156797.3231542,15,304.84375,350.75
1785156797.3231542,15,307.921875,354.0
1785156797.3231542,15,314.171875,386.75
1785156797.3231542,6,335.59375,3420.5
1785156797.3231542,10,337.265625,3362.0
1785156797.5489326,15,352.328125,6901.5
1785156797.5489326,15,353.953125,6955.75
1785156797.5489326,15,355.609375,7011.75
1785156797.5489326,15,357.234375,7063.0
1785156797.5489326,15,358.875,7099.75
1785156797.5489326,15,0.5,7134.75
1785156797.5489326,15,2.140625,7176.5
1785156797.5489326,15,3.78125,7225.5
1785156797.5489326,15,5.421875,7251.25
1785156797.5489326,15,8.71875,6942.75
1785156797.5489326,15,10.328125,6829.0
1785156797.5489326,15,11.953125,6852.25
1785156797.5489326,15,13.59375,6933.0
1785156797.5489326,15,15.21875,7048.75
1785156797.5489326,15,18.46875,7757.25
1785156797.5489326,15,20.109375,7883.5
1785156797.5489326,15,21.75,8011.0
1785156797.5489326,15,23.390625,8098.5
1785156797.5489326,15,25.0,8257.5
1785156797.5489326,15,47.203125,106.75
1785156797.5489326,15,49.3125,104.75
1785156797.5489326,15,50.4375,102.0
1785156797.5489326,11,159.296875,12767.75
1785156797.5489326,8,164.21875,12606.0
1785156797.5489326,15,167.515625,10985.25
1785156797.5489326,15,169.15625,10953.5
1785156797.5489326,15,170.796875,10971.5
1785156797.5489326,15,172.4375,11020.25
1785156797.5489326,15,178.359375,1336.25
1785156797.5489326,15,189.78125,1331.0
1785156797.5489326,15,191.40625,1348.25
1785156797.5489326,15,193.0625,1364.0
1785156797.5489326,15,194.671875,1381.0
1785156797.5489326,15,196.25,1398.0
1785156797.5489326,15,197.921875,1417.5
1785156797.5489326,15,199.578125,1436.0
1785156797.5489326,15,201.125,1454.25
1785156797.5489326,10,226.890625,2832.5
1785156797.5489326,10,230.171875,2678.75
1785156797.5489326,13,231.84375,2615.75
1785156797.5489326,14,233.484375,2546.25
1785156797.5489326,6,235.15625,2486.75
1785156797.5489326,14,236.78125,2442.75
1785156797.5489326,14,238.421875,2412.5
1785156797.5489326,2,240.0625,2376.0
1785156797.5489326,9,243.375,2257.25
1785156797.5489326,15,256.515625,2054.5
1785156797.5489326,15,258.1875,2029.0
1785156797.5489326,15,259.859375,2000.5
1785156797.5489326,15,261.46875,1985.75
1785156797.5489326,15,263.109375,1982.75
1785156797.5489326,15,264.765625,1973.25
1785156797.5489326,15,266.390625,1966.0
1785156797.5489326,15,284.5,370.5
1785156797.5489326,15,286.28125,362.25
1785156797.5489326,15,287.640625,356.25
1785156797.5489326,15,289.78125,352.5
1785156797.5489326,15,291.09375,350.5
1785156797.5489326,15,292.546875,350.0
1785156797.5489326,15,294.140625,351.25
1785156797.5489326,15,297.53125,351.25
1785156797.5489326,15,299.390625,349.0
1785156797.5489326,15,300.96875,348.0
1785156797.5489326,15,302.640625,347.75
1785156797.5489326,15,304.640625,348.0
1785156797.5489326,15,306.28125,350.5
1785156797.5489326,15,312.234375,376.5
1785156797.5489326,13,330.15625,3233.0
1785156797.5489326,15,335.078125,3409.25
1785156797.5489326,10,336.71875,3379.25
1785156797.8869348,15,352.375,6903.0
1785156797.8869348,15,354.015625,6996.25
1785156797.8869348,15,355.640625,7044.75
1785156797.8869348,15,357.296875,7069.25
1785156797.8869348,15,358.953125,7105.5
1785156797.8869348,15,0.578125,7128.5
1785156797.8869348,15,2.234375,7174.75
1785156797.8869348,15,3.875,7226.0
1785156797.8869348,15,5.515625,7259.0
1785156797.8869348,15,7.140625,7197.25
1785156797.8869348,15,10.4375,6777.0
1785156797.8869348,15,12.0625,6849.25
1785156797.8869348,15,13.703125,6976.75
1785156797.8869348,15,15.34375,7072.75
1785156797.8869348,15,18.609375,7738.5
1785156797.8869348,15,20.21875,7883.25
1785156797.8869348,15,21.875,8019.75
1785156797.8869348,15,23.515625,8112.75
1785156797.8869348,15,25.15625,8237.25
1785156797.8869348,15,46.65625,106.75
1785156797.8869348,15,48.9375,104.75
1785156797.8869348,15,51.078125,102.0
1785156797.8869348,10,159.265625,12767.25
1785156797.8869348,7,164.1875,12601.25
1785156797.8869348,15,167.484375,10979.75
1785156797.8869348,15,169.125,10953.0
1785156797.8869348,15,170.765625,10971.25
1785156797.8869348,15,172.40625,11020.25
1785156797.8869348,15,178.234375,1335.75
1785156797.8869348,15,189.8125,1331.25
1785156797.8869348,15,191.4375,1349.5
1785156797.8869348,15,193.03125,1365.0
1785156797.8869348,15,194.71875,1380.75
1785156797.8869348,15,196.265625,1397.75
1785156797.8869348,15,197.90625,1417.5
1785156797.8869348,15,199.5625,1436.25
1785156797.8869348,15,201.15625,1454.5
1785156797.8869348,9,230.15625,2680.5
1785156797.8869348,11,231.828125,2619.0
1785156797.8869348,14,233.453125,2548.0
1785156797.8869348,15,235.125,2488.0
1785156797.8869348,12,236.75,2443.0
1785156797.8869348,14,238.40625,2411.5
1785156797.8869348,2,240.03125,2376.0
1785156797.8869348,11,243.359375,2259.25
1785156797.8869348,15,256.5,2055.0
1785156797.8869348,15,258.171875,2028.75
1785156797.8869348,15,259.84375,2004.5
1785156797.8869348,15,261.46875,1990.25
1785156797.8869348,15,263.078125,1983.5
1785156797.8869348,15,264.734375,1974.25
1785156797.8869348,15,266.375,1966.5
1785156797.8869348,15,284.453125,370.5
1785156797.8869348,15,286.359375,362.25
1785156797.8869348,15,288.140625,356.25
1785156797.8869348,15,289.578125,352.5
1785156797.8869348,15,290.953125,350.5
1785156797.8869348,15,292.71875,350.0
1785156797.8869348,15,294.25,351.25
1785156797.8869348,15,298.0,351.25
1785156797.8869348,15,299.609375,349.0
1785156797.8869348,15,301.28125,348.0
1785156797.8869348,15,303.03125,347.5
1785156797.8869348,15,304.421875,347.5
1785156797.8869348,15,306.109375,350.0
1785156797.8869348,15,311.984375,374.25
1785156797.8869348,12,328.4375,3118.25
1785156797.8869348,12,334.984375,3392.75
1785156797.8869348,2,336.640625,3379.0
1785156798.1130354,15,353.203125,6913.0
1785156798.1130354,15,354.84375,6942.75
1785156798.1130354,15,356.484375,7000.75
1785156798.1130354,15,358.125,7070.0
1785156798.1130354,15,359.765625,7115.75
1785156798.1130354,15,1.40625,7142.25
1785156798.1130354,15,3.046875,7188.75
1785156798.1130354,15,4.703125,7231.25
1785156798.1130354,15,6.34375,7221.5
1785156798.1130354,15,8.0,7151.75
1785156798.1130354,15,11.1875,6724.0
1785156798.1130354,15,12.828125,6868.25
1785156798.1130354,15,14.46875,6998.75
1785156798.1130354,15,19.34375,7794.0
1785156798.1130354,15,21.0,7924.75
1785156798.1130354,15,22.625,8050.75
1785156798.1130354,15,24.25,8192.25
1785156798.1130354,10,25.890625,8368.5
1785156798.1130354,15,48.09375,106.0
1785156798.1130354,15,158.484375,12778.75
1785156798.1130354,15,160.125,12805.0
1785156798.1130354,9,163.40625,12758.5
1785156798.1130354,15,165.046875,12782.25
1785156798.1130354,15,168.34375,10993.5
1785156798.1130354,15,169.984375,10994.0
1785156798.1130354,15,171.609375,10978.0
1785156798.1130354,15,173.25,10989.25
1785156798.1130354,15,188.953125,1325.75
1785156798.1130354,15,190.546875,1342.75
1785156798.1130354,15,192.125,1359.0
1785156798.1130354,15,193.828125,1373.0
1785156798.1130354,15,195.421875,1388.25
1785156798.1130354,15,197.015625,1407.0
1785156798.1130354,15,198.671875,1426.75
1785156798.1130354,15,200.25,1445.75
1785156798.1130354,8,222.625,3084.25
1785156798.1130354,11,230.9375,2658.75
1785156798.1130354,5,232.59375,2582.75
1785156798.1130354,15,234.25,2524.75
1785156798.1130354,6,235.90625,2472.0
1785156798.1130354,14,237.53125,2424.0
1785156798.1130354,3,239.1875,2391.75
1785156798.1130354,12,242.515625,2278.5
1785156798.1130354,15,255.6875,2067.0
1785156798.1130354,15,257.3125,2039.0
1785156798.1130354,15,258.953125,2015.75
1785156798.1130354,15,260.609375,2003.0
1785156798.1130354,15,262.265625,1993.5
1785156798.1130354,15,263.90625,1983.0
1785156798.1130354,15,265.5625,1962.25
1785156798.1130354,15,267.15625,1949.5
1785156798.1130354,15,285.125,367.0
1785156798.1130354,15,287.140625,359.5
1785156798.1130354,15,288.640625,354.5
1785156798.1130354,15,290.25,351.75
1785156798.1130354,15,291.625,350.25
1785156798.1130354,15,293.578125,350.25
1785156798.1130354,15,297.109375,351.25
1785156798.1130354,15,298.671875,350.75
1785156798.1130354,15,299.828125,349.75
1785156798.1130354,15,301.609375,348.75
1785156798.1130354,15,303.703125,347.75
1785156798.1130354,15,308.265625,352.75
1785156798.1130354,15,315.828125,398.0
1785156798.449427,15,352.75,6894.5
1785156798.449427,15,354.390625,6973.5
1785156798.449427,15,356.03125,7009.5
1785156798.449427,11,357.671875,7021.0
1785156798.449427,15,359.296875,7069.75
1785156798.449427,15,0.953125,7147.5
1785156798.449427,15,2.578125,7195.0
1785156798.449427,15,4.21875,7227.75
1785156798.449427,15,5.84375,7266.75
1785156798.449427,15,7.5,7199.75
1785156798.449427,15,10.765625,6735.5
1785156798.449427,15,12.421875,6857.75
1785156798.449427,15,14.046875,6991.25
1785156798.449427,15,15.671875,7106.25
1785156798.449427,15,18.9375,7779.25
1785156798.449427,15,20.578125,7906.5
1785156798.449427,15,22.21875,8036.0
1785156798.449427,15,23.84375,8143.25
1785156798.449427,15,25.484375,8314.5
1785156798.449427,15,48.15625,106.5
1785156798.449427,15,51.078125,101.25
1785156798.449427,15,157.984375,12844.5
1785156798.449427,13,159.625,12803.25
1785156798.449427,15,167.8125,10972.0
1785156798.449427,15,169.453125,10966.0
1785156798.449427,14,171.09375,10985.25
1785156798.449427,15,172.734375,11005.5
1785156798.449427,15,178.578125,1330.25
1785156798.449427,15,180.296875,1302.0
1785156798.449427,15,181.953125,1289.0
1785156798.449427,15,190.078125,1333.75
1785156798.449427,15,191.75,1352.0
1785156798.449427,15,193.359375,1368.5
1785156798.449427,15,194.96875,1383.5
1785156798.449427,15,196.59375,1401.75
1785156798.449427,15,198.234375,1421.75
1785156798.449427,15,199.828125,1439.5
1785156798.449427,15,204.765625,1525.0
1785156798.449427,8,206.375,1533.0
1785156798.449427,15,207.9375,1573.25
1785156798.449427,9,230.46875,2665.75
1785156798.449427,11,232.140625,2600.5
1785156798.449427,12,233.78125,2538.0
1785156798.449427,6,235.4375,2476.75
1785156798.449427,15,237.078125,2435.25
1785156798.449427,15,238.75,2404.75
1785156798.449427,3,240.390625,2365.0
1785156798.449427,15,256.859375,2057.25
1785156798.449427,15,258.46875,2029.75
1785156798.449427,15,260.125,1997.25
1785156798.449427,15,261.765625,1984.75
1785156798.449427,15,263.40625,1983.0
1785156798.449427,15,265.03125,1960.0
1785156798.449427,15,266.65625,1952.25
1785156798.449427,15,284.65625,369.25
1785156798.449427,15,286.5,361.5
1785156798.449427,15,288.03125,356.0
1785156798.449427,15,289.953125,352.0
1785156798.449427,15,291.28125,349.75
1785156798.449427,15,293.109375,349.75
1785156798.449427,11,294.46875,351.0
1785156798.449427,15,297.6875,351.0
1785156798.449427,15,299.90625,349.75
1785156798.449427,15,301.015625,348.75
1785156798.449427,15,302.8125,347.75
1785156798.449427,15,304.71875,348.75
1785156798.449427,15,306.0625,352.5
1785156798.449427,11,307.5,355.0
1785156798.449427,15,312.3125,373.5
1785156798.449427,15,330.28125,3233.0
1785156798.449427,15,335.171875,3417.75
1785156798.449427,15,336.8125,3362.75
1785156798.6729143,15,353.234375,6913.25
1785156798.6729143,15,354.890625,6946.75
1785156798.6729143,15,356.515625,7005.75
1785156798.6729143,15,358.15625,7060.0
1785156798.6729143,15,359.796875,7103.75
1785156798.6729143,15,1.4375,7147.0
1785156798.6729143,15,3.078125,7193.0
1785156798.6729143,15,4.734375,7231.75
1785156798.6729143,15,6.359375,7219.75
1785156798.6729143,15,8.0,7156.75
1785156798.6729143,15,11.234375,6731.25
1785156798.6729143,15,12.875,6874.75
1785156798.6729143,15,14.515625,7005.25
1785156798.6729143,15,17.78125,7643.25
1785156798.6729143,15,19.390625,7815.25
1785156798.6729143,15,21.046875,7939.75
1785156798.6729143,15,22.671875,8056.0
1785156798.6729143,15,24.3125,8157.25
1785156798.6729143,10,25.9375,8333.25
1785156798.6729143,15,47.375,106.0
1785156798.6729143,15,158.421875,12774.0
1785156798.6729143,15,160.0625,12787.0
1785156798.6729143,10,163.34375,12751.5
1785156798.6729143,15,164.96875,12724.75
1785156798.6729143,15,168.265625,10983.25
1785156798.6729143,15,169.90625,10973.75
1785156798.6729143,15,171.5625,10945.5
1785156798.6729143,15,173.1875,10961.0
1785156798.6729143,15,188.9375,1325.25
1785156798.6729143,15,190.515625,1342.25
1785156798.6729143,15,192.203125,1358.5
1785156798.6729143,15,193.8125,1372.75
1785156798.6729143,15,195.421875,1388.25
1785156798.6729143,15,197.078125,1406.75
1785156798.6729143,15,198.71875,1426.25
1785156798.6729143,15,200.3125,1445.25
1785156798.6729143,10,230.875,2657.5
1785156798.6729143,5,232.515625,2583.0
1785156798.6729143,15,234.203125,2526.0
1785156798.6729143,6,235.84375,2472.0
1785156798.6729143,13,237.484375,2424.25
1785156798.6729143,2,239.140625,2387.0
1785156798.6729143,14,240.765625,2337.25
1785156798.6729143,13,242.421875,2288.0
1785156798.6729143,15,255.625,2069.25
1785156798.6729143,15,257.265625,2043.25
1785156798.6729143,15,258.921875,2017.75
1785156798.6729143,15,260.546875,2004.0
1785156798.6729143,15,262.21875,1994.25
1785156798.6729143,15,263.875,1983.25
1785156798.6729143,15,265.5,1962.25
1785156798.6729143,15,267.15625,1949.5
1785156798.6729143,15,285.5,367.0
1785156798.6729143,15,287.03125,359.5
1785156798.6729143,15,288.828125,354.5
1785156798.6729143,15,290.140625,351.5
1785156798.6729143,15,291.90625,350.0
1785156798.6729143,15,293.375,350.25
1785156798.6729143,15,297.0625,351.0
1785156798.6729143,15,298.46875,351.25
1785156798.6729143,15,300.125,350.25
1785156798.6729143,15,301.484375,348.75
1785156798.6729143,15,303.296875,347.5
1785156798.6729143,15,308.546875,352.5
1785156799.0095396,15,352.71875,6895.5
1785156799.0095396,15,354.359375,6946.25
1785156799.0095396,15,356.0,6982.75
1785156799.0095396,15,357.640625,7018.75
1785156799.0095396,15,359.28125,7067.0
1785156799.0095396,15,0.921875,7146.0
1785156799.0095396,15,2.5625,7195.25
1785156799.0095396,15,4.203125,7229.0
1785156799.0095396,15,5.84375,7267.5
1785156799.0095396,15,7.484375,7195.25
1785156799.0095396,15,10.703125,6734.5
1785156799.0095396,15,12.34375,6822.0
1785156799.0095396,15,13.96875,6978.75
1785156799.0095396,15,15.609375,7100.25
1785156799.0095396,15,18.859375,7778.0
1785156799.0095396,15,20.5,7899.0
1785156799.0095396,15,22.125,8032.25
1785156799.0095396,15,23.765625,8143.25
1785156799.0095396,15,25.40625,8312.75
1785156799.0095396,15,47.4375,106.5
1785156799.0095396,15,51.171875,101.25
1785156799.0095396,15,159.546875,12805.25
1785156799.0095396,15,167.75,10974.75
1785156799.0095396,15,169.390625,10965.25
1785156799.0095396,15,171.015625,10962.25
1785156799.0095396,15,172.65625,10989.75
1785156799.0095396,15,178.578125,1330.0
1785156799.0095396,15,180.1875,1302.75
1785156799.0095396,15,189.984375,1333.0
1785156799.0095396,15,191.609375,1349.5
1785156799.0095396,15,193.171875,1366.0
1785156799.0095396,15,194.84375,1383.0
1785156799.0095396,15,196.453125,1401.0
1785156799.0095396,15,198.046875,1421.25
1785156799.0095396,15,199.6875,1441.0
1785156799.0095396,15,201.328125,1460.5
1785156799.0095396,8,222.109375,3106.5
1785156799.0095396,8,230.375,2681.25
1785156799.0095396,15,233.703125,2544.25
1785156799.0095396,13,235.359375,2485.25
1785156799.0095396,15,236.984375,2438.0
1785156799.0095396,15,238.640625,2401.75
1785156799.0095396,3,240.28125,2365.5
1785156799.0095396,8,243.609375,2262.5
1785156799.0095396,15,256.71875,2050.0
1785156799.0095396,15,258.375,2020.5
1785156799.0095396,15,260.03125,1993.5
1785156799.0095396,15,261.65625,1985.25
1785156799.0095396,15,263.328125,1983.5
1785156799.0095396,15,264.984375,1961.0
1785156799.0095396,15,266.609375,1952.75
1785156799.0095396,15,284.375,369.25
1785156799.0095396,15,286.453125,361.5
1785156799.0095396,15,287.953125,356.0
1785156799.0095396,15,290.03125,352.0
1785156799.0095396,15,291.46875,349.75
1785156799.0095396,15,292.75,349.75
1785156799.0095396,12,294.421875,351.25
1785156799.0095396,15,297.8125,351.0
1785156799.0095396,15,299.578125,349.25
1785156799.0095396,15,301.15625,348.25
1785156799.0095396,15,302.828125,347.75
1785156799.0095396,15,304.796875,348.0
1785156799.0095396,15,306.421875,351.75
1785156799.0095396,15,307.9375,354.75
1785156799.0095396,15,312.28125,373.25
1785156799.0095396,11,313.96875,383.0
1785156799.0095396,15,330.3125,3236.75
1785156799.0095396,15,335.25,3419.5
1785156799.0095396,15,336.875,3366.0
1785156799.2359521,15,353.546875,6999.5
1785156799.2359521,15,355.171875,7005.5
1785156799.2359521,15,356.828125,7051.75
1785156799.2359521,15,358.46875,7081.75
1785156799.2359521,15,0.09375,7118.25
1785156799.2359521,15,1.75,7175.25
1785156799.2359521,15,3.375,7213.75
1785156799.2359521,15,5.015625,7251.0
1785156799.2359521,15,6.671875,7208.75
1785156799.2359521,15,8.3125,7071.75
1785156799.2359521,15,11.5625,6754.5
1785156799.2359521,15,13.1875,6879.0
1785156799.2359521,15,14.828125,7033.75
1785156799.2359521,15,18.09375,7713.5
1785156799.2359521,15,19.734375,7848.0
1785156799.2359521,15,21.359375,7980.5
1785156799.2359521,15,23.0,8074.0
1785156799.2359521,15,24.625,8200.5
1785156799.2359521,15,46.921875,107.5
1785156799.2359521,15,48.953125,105.5
1785156799.2359521,13,158.8125,12777.75
1785156799.2359521,8,163.734375,12624.25
1785156799.2359521,15,167.03125,11029.5
1785156799.2359521,15,168.65625,10962.0
1785156799.2359521,15,170.296875,11038.5
1785156799.2359521,14,171.9375,11066.0
1785156799.2359521,15,189.328125,1325.75
1785156799.2359521,15,190.875,1343.25
1785156799.2359521,15,192.546875,1359.25
1785156799.2359521,15,194.15625,1375.25
1785156799.2359521,15,195.75,1392.5
1785156799.2359521,15,197.40625,1412.25
1785156799.2359521,15,199.0625,1430.75
1785156799.2359521,15,200.625,1449.25
1785156799.2359521,15,203.9375,1479.5
1785156799.2359521,15,205.5625,1517.0
1785156799.2359521,7,232.9375,2574.25
1785156799.2359521,15,234.609375,2515.25
1785156799.2359521,15,236.234375,2451.75
1785156799.2359521,15,237.890625,2415.5
1785156799.2359521,3,239.53125,2383.75
1785156799.2359521,11,241.171875,2334.25
1785156799.2359521,14,242.859375,2285.25
1785156799.2359521,15,255.96875,2061.75
1785156799.2359521,15,257.65625,2034.25
1785156799.2359521,15,259.265625,2011.5
1785156799.2359521,15,260.921875,1997.5
1785156799.2359521,15,262.578125,1991.0
1785156799.2359521,15,264.1875,1977.5
1785156799.2359521,15,265.859375,1961.75
1785156799.2359521,15,285.671875,364.75
1785156799.2359521,15,287.625,358.0
1785156799.2359521,15,288.875,353.5
1785156799.2359521,15,290.734375,351.0
1785156799.2359521,15,292.046875,349.75
1785156799.2359521,15,294.125,350.25
1785156799.2359521,15,297.21875,350.5
1785156799.2359521,15,298.625,349.5
1785156799.2359521,15,300.3125,349.0
1785156799.2359521,15,302.09375,348.5
1785156799.2359521,15,303.671875,347.75
1785156799.2359521,14,305.265625,348.0
1785156799.2359521,15,310.28125,364.75
1785156799.2359521,15,316.1875,404.0
1785156799.5739305,15,353.28125,6939.75
1785156799.5739305,15,354.90625,7001.5
1785156799.5739305,15,356.5625,7034.5
1785156799.5739305,15,358.203125,7064.25
1785156799.5739305,15,359.859375,7108.5
1785156799.5739305,15,1.484375,7152.25
1785156799.5739305,15,3.140625,7199.25
1785156799.5739305,15,4.765625,7234.0
1785156799.5739305,15,6.421875,7230.75
1785156799.5739305,15,8.0625,7186.25
1785156799.5739305,15,11.265625,6757.0
1785156799.5739305,15,12.90625,6882.0
1785156799.5739305,15,14.53125,7021.0
1785156799.5739305,15,17.796875,7686.25
1785156799.5739305,15,23.546875,561.0
1785156799.5739305,15,25.203125,561.75
1785156799.5739305,15,26.71875,571.0
1785156799.5739305,15,47.609375,106.0
1785156799.5739305,15,158.5,12787.0
1785156799.5739305,15,160.15625,12798.5
1785156799.5739305,8,163.4375,12742.75
1785156799.5739305,15,165.078125,12726.5
1785156799.5739305,15,168.359375,10999.25
1785156799.5739305,15,170.015625,10999.0
1785156799.5739305,15,171.65625,10980.0
1785156799.5739305,15,173.296875,11048.25
1785156799.5739305,15,189.03125,1325.25
1785156799.5739305,15,190.671875,1342.0
1785156799.5739305,15,192.21875,1358.5
1785156799.5739305,15,193.890625,1373.0
1785156799.5739305,15,195.546875,1388.5
1785156799.5739305,15,197.15625,1407.25
1785156799.5739305,15,198.734375,1426.75
1785156799.5739305,15,200.34375,1446.25
1785156799.5739305,9,203.5625,1477.0
1785156799.5739305,10,229.34375,2713.0
1785156799.5739305,5,232.671875,2571.25
1785156799.5739305,15,234.296875,2525.0
1785156799.5739305,15,237.609375,2411.75
1785156799.5739305,4,239.21875,2389.25
1785156799.5739305,13,242.515625,2278.5
1785156799.5739305,15,255.703125,2067.5
1785156799.5739305,15,257.359375,2040.25
1785156799.5739305,15,258.984375,2017.25
1785156799.5739305,15,260.625,2004.25
1785156799.5739305,15,262.296875,1994.5
1785156799.5739305,15,263.921875,1982.75
1785156799.5739305,15,265.5625,1961.5
1785156799.5739305,15,267.21875,1950.0
1785156799.5739305,15,285.046875,366.75
1785156799.5739305,15,287.25,359.25
1785156799.5739305,15,288.9375,354.25
1785156799.5739305,15,290.015625,351.5
1785156799.5739305,15,292.015625,350.0
1785156799.5739305,15,293.390625,350.25
1785156799.5739305,15,297.015625,351.0
1785156799.5739305,15,298.1875,350.75
1785156799.5739305,15,300.328125,349.75
1785156799.5739305,15,301.46875,348.75
1785156799.5739305,15,303.609375,347.5
1785156799.5739305,15,308.515625,352.0
1785156799.5739305,15,314.515625,386.25
1785156799.5739305,15,315.859375,397.75
1785156799.5739305,11,335.75,3443.25
1785156799.5739305,11,337.390625,3387.0
1785156799.7992187,15,352.125,6880.75
1785156799.7992187,15,353.765625,6932.25
1785156799.7992187,15,355.390625,6989.0
1785156799.7992187,15,357.046875,7052.75
1785156799.7992187,15,358.671875,7063.5
1785156799.7992187,15,0.3125,7114.25
1785156799.7992187,15,1.9375,7187.0
1785156799.7992187,15,3.578125,7234.25
1785156799.7992187,15,5.21875,7267.0
1785156799.7992187,15,6.875,7245.25
1785156799.7992187,15,11.75,6786.75
1785156799.7992187,15,20.234375,411.5
1785156799.7992187,15,21.84375,407.75
1785156799.7992187,15,23.125,409.5
1785156799.7992187,15,46.75,107.25
1785156799.7992187,15,47.96875,105.0
1785156799.7992187,15,51.3125,102.25
1785156799.7992187,15,158.953125,12783.75
1785156799.7992187,8,162.234375,12888.25
1785156799.7992187,15,167.171875,10960.25
1785156799.7992187,15,168.796875,10960.25
1785156799.7992187,15,170.453125,11008.0
1785156799.7992187,15,172.0625,11008.0
1785156799.7992187,15,177.921875,1336.5
1785156799.7992187,15,189.390625,1326.5
1785156799.7992187,15,191.015625,1343.75
1785156799.7992187,15,192.71875,1361.5
1785156799.7992187,15,194.3125,1378.5
1785156799.7992187,15,195.875,1395.25
1785156799.7992187,15,197.546875,1414.75
1785156799.7992187,15,199.15625,1434.0
1785156799.7992187,15,200.765625,1452.0
1785156799.7992187,9,229.765625,2698.25
1785156799.7992187,10,233.046875,2559.25
1785156799.7992187,15,234.703125,2497.75
1785156799.7992187,8,236.34375,2452.25
1785156799.7992187,15,238.0,2417.0
1785156799.7992187,4,239.65625,2377.5
1785156799.7992187,15,241.296875,2327.5
1785156799.7992187,11,242.921875,2280.5
1785156799.7992187,15,256.109375,2060.25
1785156799.7992187,15,257.75,2035.0
1785156799.7992187,15,259.375,2014.5
1785156799.7992187,15,261.015625,2000.5
1785156799.7992187,15,262.671875,1992.25
1785156799.7992187,15,264.265625,1981.5
1785156799.7992187,15,265.921875,1965.25
1785156799.7992187,15,283.859375,373.0
1785156799.7992187,15,285.4375,364.5
1785156799.7992187,15,287.640625,357.75
1785156799.7992187,15,289.015625,353.25
1785156799.7992187,15,290.765625,350.75
1785156799.7992187,15,292.65625,350.0
1785156799.7992187,15,294.0625,350.25
1785156799.7992187,15,297.1875,350.25
1785156799.7992187,15,298.84375,349.25
1785156799.7992187,15,300.421875,348.75
1785156799.7992187,15,302.625,348.25
1785156799.7992187,15,304.203125,347.5
1785156799.7992187,15,305.421875,347.75
1785156799.7992187,15,310.25,366.75
1785156800.1371338,15,353.0625,6967.75
1785156800.1371338,15,354.71875,7004.5
1785156800.1371338,15,356.34375,7025.5
1785156800.1371338,15,357.984375,7074.75
1785156800.1371338,15,359.625,7117.0
1785156800.1371338,15,1.265625,7151.25
1785156800.1371338,15,2.90625,7195.0
1785156800.1371338,15,4.5625,7234.75
1785156800.1371338,15,6.203125,7244.5
1785156800.1371338,15,7.828125,7182.0
1785156800.1371338,15,11.09375,6736.5
1785156800.1371338,15,12.71875,6882.25
1785156800.1371338,15,22.9375,403.5
1785156800.1371338,15,24.34375,396.0
1785156800.1371338,15,25.890625,396.0
1785156800.1371338,15,48.375,106.0
1785156800.1371338,12,158.265625,12836.0
1785156800.1371338,15,159.90625,12842.75
1785156800.1371338,9,163.1875,12777.75
1785156800.1371338,15,164.828125,12772.5
1785156800.1371338,15,168.125,10961.25
1785156800.1371338,15,169.765625,10994.0
1785156800.1371338,15,171.40625,11030.5
1785156800.1371338,15,173.046875,11092.5
1785156800.1371338,15,188.84375,1323.75
1785156800.1371338,15,190.46875,1339.25
1785156800.1371338,15,192.046875,1358.5
1785156800.1371338,15,193.671875,1374.0
1785156800.1371338,15,195.359375,1386.75
1785156800.1371338,15,196.96875,1405.5
1785156800.1371338,15,198.5625,1426.25
1785156800.1371338,15,200.21875,1445.5
1785156800.1371338,11,229.140625,2697.5
1785156800.1371338,11,230.8125,2630.75
1785156800.1371338,11,232.484375,2556.75
1785156800.1371338,15,234.109375,2494.5
1785156800.1371338,15,235.765625,2438.25
1785156800.1371338,15,237.390625,2407.0
1785156800.1371338,3,239.03125,2382.75
1785156800.1371338,8,242.34375,2275.0
1785156800.1371338,15,255.5625,2048.0
1785156800.1371338,15,257.171875,2022.25
1785156800.1371338,15,258.796875,2004.75
1785156800.1371338,15,260.453125,1995.0
1785156800.1371338,15,262.125,1979.5
1785156800.1371338,15,263.734375,1958.25
1785156800.1371338,15,265.359375,1942.75
1785156800.1371338,15,267.0,1943.5
1785156800.1371338,15,285.46875,362.5
1785156800.1371338,15,286.71875,355.25
1785156800.1371338,15,288.703125,350.25
1785156800.1371338,15,290.296875,347.25
1785156800.1371338,15,292.09375,346.0
1785156800.1371338,15,293.625,346.25
1785156800.1371338,15,296.671875,346.25
1785156800.1371338,15,298.5625,346.5
1785156800.1371338,15,299.765625,346.5
1785156800.1371338,15,301.75,345.25
1785156800.1371338,15,303.265625,344.0
1785156800.1371338,15,305.0,346.5
1785156800.1371338,15,308.40625,349.5
1785156800.1371338,15,314.578125,384.75
1785156800.1371338,15,315.78125,395.5
1785156800.1371338,8,335.609375,3456.0
1785156800.1371338,14,337.25,3394.75
1785156800.359688,15,353.796875,6936.75
1785156800.359688,15,355.4375,6999.25
1785156800.359688,15,357.078125,7063.0
1785156800.359688,15,358.71875,7068.75
1785156800.359688,15,0.359375,7116.5
1785156800.359688,15,2.0,7185.0
1785156800.359688,15,3.640625,7229.5
1785156800.359688,15,5.28125,7264.25
1785156800.359688,15,8.59375,6927.0
1785156800.359688,15,10.234375,6777.5
1785156800.359688,15,11.765625,6799.0
1785156800.359688,15,23.734375,380.25
1785156800.359688,15,25.296875,379.75
1785156800.359688,15,26.984375,381.25
1785156800.359688,15,28.3125,385.5
1785156800.359688,15,46.71875,107.5
1785156800.359688,15,48.5,105.25
1785156800.359688,12,158.984375,12741.0
1785156800.359688,9,163.90625,12548.0
1785156800.359688,15,167.203125,10957.25
1785156800.359688,15,168.84375,10953.5
1785156800.359688,15,170.46875,10998.0
1785156800.359688,15,172.125,11007.25
1785156800.359688,15,177.984375,1332.5
1785156800.359688,15,179.59375,1302.0
1785156800.359688,15,189.375,1329.75
1785156800.359688,15,191.0,1347.5
1785156800.359688,15,192.625,1363.25
1785156800.359688,15,194.296875,1377.25
1785156800.359688,15,195.9375,1396.0
1785156800.359688,15,197.46875,1415.75
1785156800.359688,15,199.109375,1435.0
1785156800.359688,15,200.71875,1455.0
1785156800.359688,11,229.765625,2694.75
1785156800.359688,13,233.046875,2550.25
1785156800.359688,5,234.6875,2495.25
1785156800.359688,13,236.34375,2448.75
1785156800.359688,15,237.96875,2415.25
1785156800.359688,2,239.65625,2376.25
1785156800.359688,9,242.953125,2264.25
1785156800.359688,15,254.484375,2070.25
1785156800.359688,15,256.109375,2050.0
1785156800.359688,15,257.75,2024.5
1785156800.359688,15,259.40625,2000.75
1785156800.359688,15,261.046875,1977.25
1785156800.359688,15,262.6875,1966.0
1785156800.359688,15,264.3125,1957.25
1785156800.359688,15,265.96875,1952.5
1785156800.359688,15,284.125,366.75
1785156800.359688,15,285.734375,358.5
1785156800.359688,15,287.59375,352.25
1785156800.359688,15,288.828125,348.5
1785156800.359688,15,291.09375,346.5
1785156800.359688,15,292.234375,345.75
1785156800.359688,15,294.125,347.5
1785156800.359688,15,297.53125,347.25
1785156800.359688,15,299.03125,345.75
1785156800.359688,15,300.328125,345.5
1785156800.359688,15,302.453125,344.25
1785156800.359688,15,303.9375,343.25
1785156800.359688,15,305.796875,343.5
1785156800.359688,15,310.25,362.75
1785156800.359688,15,316.34375,400.5
1785156800.359688,15,331.234375,3303.0
1785156800.7003903,15,352.515625,6923.0
1785156800.7003903,15,354.140625,6991.25
1785156800.7003903,15,355.78125,7029.0
1785156800.7003903,15,357.4375,7063.75
1785156800.7003903,15,359.046875,7094.0
1785156800.7003903,15,0.6875,7140.25
1785156800.7003903,15,2.328125,7190.5
1785156800.7003903,15,3.984375,7227.5
1785156800.7003903,15,5.609375,7219.75
1785156800.7003903,15,7.25,7152.75
1785156800.7003903,15,10.515625,6712.75
1785156800.7003903,15,22.484375,384.0
1785156800.7003903,15,23.8125,382.75
1785156800.7003903,15,25.640625,384.25
1785156800.7003903,15,47.71875,106.5
1785156800.7003903,12,51.15625,101.5
1785156800.7003903,15,159.265625,12826.75
1785156800.7003903,15,164.171875,12914.75
1785156800.7003903,15,167.46875,10968.5
1785156800.7003903,15,169.109375,10948.5
1785156800.7003903,15,170.734375,11020.75
1785156800.7003903,15,172.375,11067.0
1785156800.7003903,15,179.9375,1298.5
1785156800.7003903,15,188.15625,1330.25
1785156800.7003903,15,189.75,1345.75
1785156800.7003903,15,191.359375,1361.0
1785156800.7003903,15,193.015625,1376.0
1785156800.7003903,15,194.640625,1392.0
1785156800.7003903,15,196.25,1412.75
1785156800.7003903,15,197.90625,1434.25
1785156800.7003903,15,199.5,1452.5
1785156800.7003903,11,233.46875,2552.5
1785156800.7003903,15,235.140625,2491.25
1785156800.7003903,10,236.765625,2445.5
1785156800.7003903,15,238.421875,2413.5
1785156800.7003903,3,240.046875,2375.75
1785156800.7003903,13,243.359375,2264.5
1785156800.7003903,15,256.46875,2054.5
1785156800.7003903,15,258.125,2029.5
1785156800.7003903,15,259.734375,2012.75
1785156800.7003903,15,261.375,2001.75
1785156800.7003903,15,263.046875,1987.75
1785156800.7003903,15,264.6875,1968.75
1785156800.7003903,15,266.328125,1967.0
1785156800.7003903,15,282.625,370.25
1785156800.7003903,15,284.359375,361.75
1785156800.7003903,15,285.859375,355.25
1785156800.7003903,15,287.984375,351.25
1785156800.7003903,15,289.453125,349.0
1785156800.7003903,15,291.203125,347.75
1785156800.7003903,15,292.875,347.75
1785156800.7003903,15,295.984375,347.75
1785156800.7003903,15,297.296875,348.0
1785156800.7003903,15,299.3125,347.5
1785156800.7003903,15,300.75,345.75
1785156800.7003903,15,302.8125,344.75
1785156800.7003903,15,304.34375,344.75
1785156800.7003903,15,308.90625,364.0
1785156800.7003903,15,314.921875,399.25
1785156800.9222465,15,352.90625,6982.5
1785156800.9222465,15,354.546875,6986.75
1785156800.9222465,15,356.203125,7033.25
1785156800.9222465,15,357.84375,7087.75
1785156800.9222465,15,359.484375,7127.25
1785156800.9222465,15,1.109375,7163.0
1785156800.9222465,15,2.765625,7205.0
1785156800.9222465,15,4.40625,7238.25
1785156800.9222465,15,7.703125,6907.25
1785156800.9222465,15,9.34375,6765.75
1785156800.9222465,15,10.953125,6792.25
1785156800.9222465,15,21.015625,384.0
1785156800.9222465,15,22.75,381.0
1785156800.9222465,15,24.4375,381.5
1785156800.9222465,15,25.953125,385.5
1785156800.9222465,15,48.234375,106.5
1785156800.9222465,15,158.15625,12857.75
1785156800.9222465,8,163.078125,12712.75
1785156800.9222465,15,166.375,10949.0
1785156800.9222465,15,168.0,10958.25
1785156800.9222465,15,169.640625,10988.25
1785156800.9222465,15,171.28125,11020.25
1785156800.9222465,12,178.78125,1307.25
1785156800.9222465,15,188.625,1336.0
1785156800.9222465,15,190.296875,1353.75
1785156800.9222465,15,191.890625,1369.25
1785156800.9222465,15,193.546875,1385.0
1785156800.9222465,15,195.109375,1403.25
1785156800.9222465,15,196.8125,1423.0
1785156800.9222465,15,198.390625,1442.25
1785156800.9222465,15,200.0625,1461.5
1785156800.9222465,8,225.65625,2944.75
1785156800.9222465,7,230.609375,2688.75
1785156800.9222465,12,233.921875,2539.0
1785156800.9222465,10,235.59375,2477.0
1785156800.9222465,14,237.234375,2431.25
1785156800.9222465,11,242.1875,2290.75
1785156800.9222465,15,255.453125,2042.75
1785156800.9222465,15,257.0625,2016.0
1785156800.9222465,15,258.703125,1986.75
1785156800.9222465,15,260.40625,1959.5
1785156800.9222465,15,262.015625,1953.25
1785156800.9222465,15,263.640625,1948.0
1785156800.9222465,15,265.28125,1941.75
1785156800.9222465,15,283.640625,365.0
1785156800.9222465,15,285.296875,357.5
1785156800.9222465,15,287.015625,352.25
1785156800.9222465,15,288.625,349.25
1785156800.9222465,15,289.96875,347.75
1785156800.9222465,15,292.0625,347.5
1785156800.9222465,15,295.203125,348.25
1785156800.9222465,15,296.609375,348.0
1785156800.9222465,15,298.15625,347.0
1785156800.9222465,15,300.09375,346.25
1785156800.9222465,15,301.40625,345.0
1785156800.9222465,15,303.484375,347.75
1785156800.9222465,15,306.390625,350.25
1785156800.9222465,15,327.265625,3052.75
1785156800.9222465,15,335.421875,3422.0
1785156801.2592573,15,352.828125,6941.25
1785156801.2592573,15,354.46875,6986.0
1785156801.2592573,15,356.109375,7044.5
1785156801.2592573,15,357.765625,7076.0
1785156801.2592573,15,359.40625,7105.0
1785156801.2592573,15,1.046875,7162.5
1785156801.2592573,15,2.6875,7202.5
1785156801.2592573,15,4.34375,7238.5
1785156801.2592573,15,9.28125,6807.25
1785156801.2592573,15,10.84375,6804.25
1785156801.2592573,15,22.84375,380.75
1785156801.2592573,15,24.421875,381.25
1785156801.2592573,15,46.421875,106.5
1785156801.2592573,13,158.203125,12741.0
1785156801.2592573,7,161.484375,12833.75
1785156801.2592573,15,166.4375,10961.0
1785156801.2592573,15,168.0625,10953.0
1785156801.2592573,15,169.703125,10982.0
1785156801.2592573,15,171.34375,11070.25
1785156801.2592573,15,188.65625,1335.5
1785156801.2592573,15,190.28125,1353.0
1785156801.2592573,15,191.96875,1370.0
1785156801.2592573,15,193.546875,1385.75
1785156801.2592573,15,195.1875,1403.0
1785156801.2592573,15,196.796875,1422.5
1785156801.2592573,15,198.4375,1442.25
1785156801.2592573,15,200.03125,1461.5
1785156801.2592573,12,224.125,3003.0
1785156801.2592573,10,230.78125,2663.25
1785156801.2592573,13,232.40625,2600.25
1785156801.2592573,9,235.71875,2468.25
1785156801.2592573,15,237.375,2430.75
1785156801.2592573,15,239.0,2396.5
1785156801.2592573,14,240.6875,2353.5
1785156801.2592573,12,242.34375,2295.75
1785156801.2592573,12,243.953125,2255.5
1785156801.2592573,15,255.484375,2077.75
1785156801.2592573,15,257.171875,2050.0
1785156801.2592573,15,258.796875,2015.0
1785156801.2592573,15,260.421875,1999.0
1785156801.2592573,15,262.09375,1994.0
1785156801.2592573,15,263.75,1978.25
1785156801.2592573,15,265.359375,1966.5
1785156801.2592573,15,283.421875,365.0
1785156801.2592573,15,285.0625,357.5
1785156801.2592573,15,286.828125,352.25
1785156801.2592573,15,288.296875,349.25
1785156801.2592573,15,290.125,347.75
1785156801.2592573,15,291.90625,347.5
1785156801.2592573,15,294.734375,348.25
1785156801.2592573,15,296.4375,348.5
1785156801.2592573,15,298.078125,347.5
1785156801.2592573,15,300.046875,346.25
1785156801.2592573,15,301.53125,345.0
1785156801.2592573,15,303.140625,348.0
1785156801.2592573,15,306.46875,351.0
1785156801.2592573,15,312.625,384.25
1785156801.2592573,12,314.40625,395.5
1785156801.2592573,6,329.140625,3158.25
1785156801.4868257,15,352.5,6886.25
1785156801.4868257,15,354.125,6987.75
1785156801.4868257,15,355.78125,7024.75
1785156801.4868257,15,357.40625,7065.25
1785156801.4868257,15,359.046875,7102.0
1785156801.4868257,15,0.703125,7148.0
1785156801.4868257,15,2.34375,7192.75
1785156801.4868257,15,3.984375,7226.5
1785156801.4868257,15,5.625,7214.75
1785156801.4868257,13,7.265625,7074.75
1785156801.4868257,15,10.515625,6747.25
1785156801.4868257,15,22.234375,381.25
1785156801.4868257,15,24.21875,379.75
1785156801.4868257,15,25.515625,381.25
1785156801.4868257,15,46.640625,106.5
1785156801.4868257,13,157.828125,12724.5
1785156801.4868257,8,162.75,12699.75
1785156801.4868257,15,167.671875,10974.5
1785156801.4868257,15,169.3125,10977.5
1785156801.4868257,15,170.953125,10995.75
1785156801.4868257,15,172.578125,11010.0
1785156801.4868257,15,188.34375,1331.0
1785156801.4868257,15,189.921875,1349.0
1785156801.4868257,15,191.5625,1365.5
1785156801.4868257,15,193.15625,1379.5
1785156801.4868257,15,194.78125,1397.0
1785156801.4868257,15,196.484375,1418.25
1785156801.4868257,15,198.046875,1438.25
1785156801.4868257,15,199.6875,1456.0
1785156801.4868257,12,202.984375,1484.75
1785156801.4868257,15,204.5625,1525.0
1785156801.4868257,10,223.78125,3011.75
1785156801.4868257,8,230.375,2665.0
1785156801.4868257,8,232.015625,2604.25
1785156801.4868257,15,233.671875,2544.25
1785156801.4868257,7,235.3125,2471.75
1785156801.4868257,14,236.953125,2425.5
1785156801.4868257,13,238.609375,2404.0
1785156801.4868257,13,240.296875,2356.0
1785156801.4868257,15,241.90625,2293.25
1785156801.4868257,15,255.046875,2072.25
1785156801.4868257,15,256.703125,2047.25
1785156801.4868257,15,258.34375,2021.5
1785156801.4868257,15,260.0,2002.5
1785156801.4868257,15,261.640625,1993.0
1785156801.4868257,15,263.296875,1982.0
1785156801.4868257,15,264.921875,1959.5
1785156801.4868257,15,283.296875,369.0
1785156801.4868257,15,284.671875,360.25
1785156801.4868257,15,286.265625,353.75
1785156801.4868257,15,288.234375,349.75
1785156801.4868257,15,289.65625,348.0
1785156801.4868257,15,291.21875,347.5
1785156801.4868257,15,293.015625,348.5
1785156801.4868257,15,296.40625,348.75
1785156801.4868257,15,298.265625,347.0
1785156801.4868257,15,299.5,346.25
1785156801.4868257,15,301.0625,346.0
1785156801.4868257,15,303.046875,345.5
1785156801.4868257,15,304.40625,347.25
1785156801.4868257,15,335.25,3385.25
1785156801.7088192,15,351.875,6889.25
1785156801.7088192,15,353.53125,6986.0
1785156801.7088192,15,355.171875,7020.5
1785156801.7088192,15,356.796875,7062.0
1785156801.7088192,15,358.453125,7088.25
1785156801.7088192,15,0.09375,7128.25
1785156801.7088192,15,1.734375,7177.5
1785156801.7088192,15,3.375,7215.75
1785156801.7088192,15,5.015625,7245.5
1785156801.7088192,15,6.65625,7174.25
1785156801.7088192,15,9.953125,6694.75
1785156801.7088192,15,21.78125,400.75
1785156801.7088192,15,23.109375,394.5
1785156801.7088192,15,46.921875,107.5
1785156801.7088192,15,48.34375,105.5
1785156801.7088192,13,158.875,12720.25
1785156801.7088192,12,163.78125,12480.25
1785156801.7088192,15,167.078125,10988.75
1785156801.7088192,15,168.71875,10956.0
1785156801.7088192,15,170.359375,10986.5
1785156801.7088192,15,171.984375,10998.0
1785156801.7088192,15,177.921875,1330.5
1785156801.7088192,15,179.5625,1306.0
1785156801.7088192,15,187.75,1352.25
1785156801.7088192,15,189.359375,1341.5
1785156801.7088192,15,190.96875,1357.25
1785156801.7088192,15,192.640625,1373.75
1785156801.7088192,15,194.25,1390.75
1785156801.7088192,15,195.828125,1409.0
1785156801.7088192,15,197.484375,1427.25
1785156801.7088192,15,199.140625,1443.0
1785156801.7088192,15,203.921875,1536.5
1785156801.7088192,11,229.6875,2723.5
1785156801.7088192,6,232.984375,2580.25
1785156801.7088192,15,234.640625,2525.25
1785156801.7088192,8,236.3125,2464.25
1785156801.7088192,13,237.9375,2415.5
1785156801.7088192,13,239.609375,2380.25
1785156801.7088192,15,241.25,2324.0
1785156801.7088192,15,242.890625,2274.25
1785156801.7088192,8,244.546875,2250.25
1785156801.7088192,15,256.109375,2071.75
1785156801.7088192,15,257.78125,2046.0
1785156801.7088192,15,259.40625,2014.25
1785156801.7088192,15,261.046875,2002.75
1785156801.7088192,15,262.703125,1997.25
1785156801.7088192,15,264.359375,1986.0
1785156801.7088192,15,265.984375,1978.75
1785156801.7088192,15,284.25,365.25
1785156801.7088192,15,285.953125,357.25
1785156801.7088192,15,287.5,352.25
1785156801.7088192,15,289.0625,349.25
1785156801.7088192,15,290.921875,348.5
1785156801.7088192,15,292.515625,349.0
1785156801.7088192,15,295.515625,349.0
1785156801.7088192,15,297.375,348.25
1785156801.7088192,15,299.125,347.75
1785156801.7088192,15,300.640625,346.5
1785156801.7088192,15,302.15625,345.25
1785156801.7088192,15,303.625,349.0
1785156801.7088192,15,307.359375,353.5
1785156801.7088192,13,332.953125,3471.25
1785156801.7088192,13,334.609375,3430.25
1785156801.7088192,15,336.25,3391.0
1785156802.046873,15,351.640625,6872.75
1785156802.046873,15,353.296875,6967.5
1785156802.046873,15,354.921875,6995.25
1785156802.046873,15,356.578125,7037.0
1785156802.046873,15,358.203125,7075.25
1785156802.046873,15,359.859375,7120.25
1785156802.046873,15,1.484375,7160.75
1785156802.046873,15,3.125,7207.5
1785156802.046873,15,4.765625,7251.0
1785156802.046873,15,6.421875,7169.75
1785156802.046873,15,9.703125,6797.75
1785156802.046873,15,11.28125,6828.5
1785156802.046873,15,22.921875,388.5
1785156802.046873,15,24.5625,387.75
1785156802.046873,15,26.21875,390.0
1785156802.046873,15,47.3125,106.0
1785156802.046873,15,158.46875,12795.25
1785156802.046873,7,163.390625,12658.5
1785156802.046873,15,166.671875,10957.25
1785156802.046873,15,168.3125,10959.25
1785156802.046873,15,169.953125,10963.75
1785156802.046873,15,171.59375,10976.5
1785156802.046873,15,188.875,1334.0
1785156802.046873,15,190.53125,1353.0
1785156802.046873,15,192.171875,1371.0
1785156802.046873,15,193.796875,1386.5
1785156802.046873,15,195.390625,1403.75
1785156802.046873,15,197.046875,1422.25
1785156802.046873,15,198.625,1440.25
1785156802.046873,15,200.28125,1459.0
1785156802.046873,12,229.296875,2708.0
1785156802.046873,12,232.640625,2567.75
1785156802.046873,5,234.28125,2505.0
1785156802.046873,15,235.9375,2454.25
1785156802.046873,15,237.59375,2421.25
1785156802.046873,4,239.25,2378.5
1785156802.046873,8,242.515625,2260.75
1785156802.046873,15,255.703125,2056.5
1785156802.046873,15,257.359375,2027.0
1785156802.046873,15,258.96875,2004.25
1785156802.046873,15,260.640625,1986.0
1785156802.046873,15,262.25,1980.5
1785156802.046873,15,263.9375,1960.75
1785156802.046873,15,265.5625,1950.75
1785156802.046873,15,283.34375,365.75
1785156802.046873,15,285.15625,357.75
1785156802.046873,15,286.953125,352.25
1785156802.046873,15,288.515625,349.0
1785156802.046873,15,290.515625,347.5
1785156802.046873,15,292.0625,347.25
1785156802.046873,15,293.3125,348.25
1785156802.046873,15,295.375,348.5
1785156802.046873,15,296.703125,347.75
1785156802.046873,15,298.265625,347.0
1785156802.046873,15,300.453125,345.5
1785156802.046873,15,301.828125,344.5
1785156802.046873,15,303.609375,346.5
1785156802.046873,15,306.90625,350.5
1785156802.046873,15,327.59375,3038.75
1785156802.2715678,15,352.328125,6910.5
1785156802.2715678,15,353.96875,6970.5
1785156802.2715678,15,355.609375,7018.5
1785156802.2715678,15,357.25,7065.75
1785156802.2715678,15,358.875,7097.25
1785156802.2715678,15,0.53125,7132.5
1785156802.2715678,15,2.171875,7177.25
1785156802.2715678,15,3.8125,7228.25
1785156802.2715678,7,5.453125,7267.75
1785156802.2715678,15,7.09375,7199.75
1785156802.2715678,15,10.328125,6724.75
1785156802.2715678,15,22.109375,387.75
1785156802.2715678,15,23.703125,386.0
1785156802.2715678,15,25.3125,387.0
1785156802.2715678,15,46.0625,107.0
1785156802.2715678,15,48.40625,105.0
1785156802.2715678,15,51.375,102.25
1785156802.2715678,15,159.15625,12836.5
1785156802.2715678,15,164.0625,12827.5
1785156802.2715678,15,167.359375,10966.75
1785156802.2715678,14,169.0,10984.25
1785156802.2715678,15,170.625,11011.0
1785156802.2715678,15,172.265625,10989.5
1785156802.2715678,15,176.5,1375.75
1785156802.2715678,15,178.109375,1339.0
1785156802.2715678,15,179.828125,1307.5
1785156802.2715678,15,187.984375,1329.5
1785156802.2715678,15,189.671875,1345.5
1785156802.2715678,15,191.265625,1360.75
1785156802.2715678,15,192.890625,1376.0
1785156802.2715678,15,194.515625,1391.25
1785156802.2715678,15,196.15625,1412.25
1785156802.2715678,15,197.75,1432.5
1785156802.2715678,15,199.421875,1450.25
1785156802.2715678,13,228.421875,2710.0
1785156802.2715678,8,230.109375,2646.0
1785156802.2715678,5,231.765625,2572.75
1785156802.2715678,15,233.421875,2510.0
1785156802.2715678,13,235.03125,2450.0
1785156802.2715678,15,236.671875,2410.5
1785156802.2715678,4,238.328125,2382.75
1785156802.2715678,15,239.984375,2330.75
1785156802.2715678,9,241.65625,2277.0
1785156802.2715678,15,253.171875,2059.0
1785156802.2715678,15,254.8125,2037.0
1785156802.2715678,15,256.4375,2011.5
1785156802.2715678,15,258.125,1996.0
1785156802.2715678,15,259.75,1975.25
1785156802.2715678,15,261.390625,1954.25
1785156802.2715678,15,263.03125,1937.5
1785156802.2715678,11,264.65625,1925.5
1785156802.2715678,12,266.28125,1930.25
1785156802.2715678,15,284.59375,361.5
1785156802.2715678,15,286.125,355.0
1785156802.2715678,15,288.015625,350.75
1785156802.2715678,15,289.8125,348.0
1785156802.2715678,15,290.875,346.75
1785156802.2715678,15,292.921875,347.25
1785156802.2715678,15,294.5625,347.75
1785156802.2715678,15,295.984375,347.75
1785156802.2715678,15,297.734375,347.75
1785156802.2715678,15,299.09375,346.75
1785156802.2715678,15,301.046875,345.25
1785156802.2715678,15,302.734375,344.25
1785156802.2715678,14,304.3125,343.5
1785156802.2715678,15,313.5,388.0
1785156802.2715678,15,315.328125,396.75
1785156802.2715678,15,329.984375,3210.25
1785156802.2715678,10,336.5625,3370.5
1785156802.4975886,15,353.046875,6991.75
1785156802.4975886,15,354.6875,7000.25
1785156802.4975886,15,356.3125,7033.5
1785156802.4975886,15,357.96875,7085.5
1785156802.4975886,15,359.609375,7123.5
1785156802.4975886,15,1.265625,7159.25
1785156802.4975886,15,2.890625,7205.0
1785156802.4975886,15,4.53125,7247.5
1785156802.4975886,15,9.484375,6772.5
1785156802.4975886,15,11.0625,6791.0
1785156802.4975886,15,22.984375,396.0
1785156802.4975886,15,24.71875,390.0
1785156802.4975886,15,26.09375,390.75
1785156802.4975886,15,48.140625,106.5
1785156802.4975886,13,158.09375,12747.25
1785156802.4975886,9,163.0,12572.25
1785156802.4975886,15,166.28125,10966.25
1785156802.4975886,15,167.9375,10960.75
1785156802.4975886,15,169.5625,10964.75
1785156802.4975886,15,171.203125,10976.25
1785156802.4975886,11,172.84375,10982.25
1785156802.4975886,15,188.5625,1332.25
1785156802.4975886,15,190.171875,1352.0
1785156802.4975886,15,191.828125,1364.75
1785156802.4975886,15,193.453125,1378.25
1785156802.4975886,15,195.078125,1396.5
1785156802.4975886,15,196.671875,1416.5
1785156802.4975886,15,198.3125,1435.75
1785156802.4975886,15,199.9375,1454.25
1785156802.4975886,10,228.875,2696.75
1785156802.4975886,10,230.53125,2636.5
1785156802.4975886,5,232.203125,2568.25
1785156802.4975886,15,233.859375,2503.5
1785156802.4975886,13,235.515625,2457.75
1785156802.4975886,15,237.125,2434.0
1785156802.4975886,3,238.78125,2389.0
1785156802.4975886,12,240.4375,2330.75
1785156802.4975886,11,242.078125,2285.0
1785156802.4975886,15,255.25,2079.5
1785156802.4975886,15,256.921875,2055.0
1785156802.4975886,15,258.546875,2028.5
1785156802.4975886,15,260.171875,2010.0
1785156802.4975886,15,261.8125,1999.5
1785156802.4975886,15,263.484375,1993.0
1785156802.4975886,15,265.09375,1988.0
1785156802.4975886,15,283.078125,369.25
1785156802.4975886,15,284.59375,361.25
1785156802.4975886,15,286.703125,355.0
1785156802.4975886,15,287.96875,351.25
1785156802.4975886,15,290.015625,349.25
1785156802.4975886,15,291.78125,349.0
1785156802.4975886,15,294.484375,349.5
1785156802.4975886,15,296.65625,349.0
1785156802.4975886,15,298.171875,348.5
1785156802.4975886,15,299.453125,347.5
1785156802.4975886,15,301.109375,346.25
1785156802.4975886,15,303.234375,346.25
1785156802.4975886,15,304.8125,348.0
1785156802.7240047,15,353.28125,6964.5
1785156802.7240047,15,354.9375,6993.5
1785156802.7240047,15,356.5625,7041.75
1785156802.7240047,15,358.21875,7074.75
1785156802.7240047,15,359.84375,7115.5
1785156802.7240047,15,1.484375,7163.25
1785156802.7240047,15,3.125,7211.25
1785156802.7240047,15,4.765625,7254.0
1785156802.7240047,15,6.40625,7183.25
1785156802.7240047,15,9.71875,6794.25
1785156802.7240047,15,11.265625,6826.5
1785156802.7240047,15,22.75,410.25
1785156802.7240047,15,24.59375,405.25
1785156802.7240047,15,47.3125,106.0
1785156802.7240047,13,158.484375,12802.0
1785156802.7240047,15,166.6875,10961.5
1785156802.7240047,15,168.328125,10957.5
1785156802.7240047,15,169.96875,10965.0
1785156802.7240047,15,171.609375,10988.5
1785156802.7240047,15,177.515625,1333.25
1785156802.7240047,15,179.140625,1310.5
1785156802.7240047,15,188.875,1334.0
1785156802.7240047,15,190.484375,1351.25
1785156802.7240047,15,192.09375,1368.0
1785156802.7240047,15,193.75,1385.0
1785156802.7240047,15,195.359375,1403.25
1785156802.7240047,15,197.0,1422.25
1785156802.7240047,15,198.609375,1439.75
1785156802.7240047,15,200.203125,1458.25
1785156802.7240047,8,224.25,2964.75
1785156802.7240047,13,229.25,2705.75
1785156802.7240047,5,232.5625,2567.25
1785156802.7240047,15,234.203125,2504.5
1785156802.7240047,6,235.875,2454.25
1785156802.7240047,15,237.484375,2422.5
1785156802.7240047,3,239.15625,2378.0
1785156802.7240047,14,240.828125,2322.0
1785156802.7240047,9,242.453125,2278.0
1785156802.7240047,15,255.59375,2065.0
1785156802.7240047,15,257.28125,2038.75
1785156802.7240047,15,258.9375,2007.0
1785156802.7240047,15,260.515625,1985.25
1785156802.7240047,15,262.171875,1979.25
1785156802.7240047,15,263.859375,1965.0
1785156802.7240047,15,265.4375,1954.5
1785156802.7240047,15,283.34375,366.0
1785156802.7240047,15,285.015625,357.75
1785156802.7240047,15,287.046875,352.0
1785156802.7240047,15,288.453125,348.75
1785156802.7240047,15,290.40625,347.25
1785156802.7240047,15,292.203125,347.0
1785156802.7240047,15,293.484375,348.0
1785156802.7240047,15,296.609375,348.25
1785156802.7240047,15,298.6875,346.75
1785156802.7240047,15,300.09375,345.5
1785156802.7240047,15,301.890625,345.0
1785156802.7240047,15,303.609375,345.25
1785156802.7240047,15,305.296875,347.75
1785156802.7240047,14,327.546875,3037.0
1785156802.7240047,9,335.734375,3441.5
1785156803.0611196,15,352.453125,6893.5
1785156803.0611196,15,354.09375,6993.0
1785156803.0611196,15,355.734375,7037.25
1785156803.0611196,15,357.375,7069.5
1785156803.0611196,15,359.0,7104.5
1785156803.0611196,15,0.640625,7143.75
1785156803.0611196,15,2.28125,7185.25
1785156803.0611196,15,3.921875,7232.25
1785156803.0611196,15,5.5625,7215.75
1785156803.0611196,15,7.203125,7153.75
1785156803.0611196,15,10.5,6741.0
1785156803.0611196,15,12.140625,6832.0
1785156803.0611196,15,22.484375,384.0
1785156803.0611196,15,24.09375,378.5
1785156803.0611196,15,25.65625,378.0
1785156803.0611196,15,27.078125,378.5
1785156803.0611196,15,28.8125,382.75
1785156803.0611196,15,46.9375,106.75
1785156803.0611196,15,48.453125,104.75
1785156803.0611196,15,50.515625,101.75
1785156803.0611196,15,159.3125,12808.5
1785156803.0611196,15,164.21875,12819.5
1785156803.0611196,15,167.515625,10960.75
1785156803.0611196,15,169.15625,10993.75
1785156803.0611196,15,170.796875,10982.75
1785156803.0611196,15,172.4375,10985.25
1785156803.0611196,15,179.96875,1300.75
1785156803.0611196,15,188.15625,1329.5
1785156803.0611196,15,189.8125,1345.25
1785156803.0611196,15,191.40625,1360.75
1785156803.0611196,15,193.015625,1377.25
1785156803.0611196,15,194.671875,1394.0
1785156803.0611196,15,196.328125,1412.75
1785156803.0611196,15,197.9375,1433.75
1785156803.0611196,15,199.53125,1452.0
1785156803.0611196,8,230.171875,2682.0
1785156803.0611196,9,231.8125,2622.25
1785156803.0611196,13,233.484375,2549.0
1785156803.0611196,15,235.109375,2486.75
1785156803.0611196,15,236.78125,2435.5
1785156803.0611196,15,238.421875,2400.0
1785156803.0611196,10,240.046875,2363.5
1785156803.0611196,11,241.734375,2305.25
1785156803.0611196,12,243.34375,2264.75
1785156803.0611196,15,256.53125,2059.5
1785156803.0611196,15,258.15625,2032.75
1785156803.0611196,15,259.796875,2008.0
1785156803.0611196,15,261.4375,1999.5
1785156803.0611196,15,263.09375,1984.5
1785156803.0611196,15,264.703125,1961.5
1785156803.0611196,15,266.34375,1959.25
1785156803.0611196,15,282.71875,371.5
1785156803.0611196,15,284.6875,361.5
1785156803.0611196,15,286.015625,354.5
1785156803.0611196,15,287.640625,350.25
1785156803.0611196,15,289.75,347.75
1785156803.0611196,15,291.1875,346.75
1785156803.0611196,15,292.671875,347.25
1785156803.0611196,15,296.359375,347.5
1785156803.0611196,15,297.734375,346.5
1785156803.0611196,15,299.140625,345.75
1785156803.0611196,15,301.0,345.25
1785156803.0611196,15,302.640625,344.25
1785156803.0611196,11,304.578125,344.75
1785156803.0611196,15,307.703125,350.25
1785156803.0611196,14,309.0,359.25
1785156803.0611196,15,313.609375,388.0
1785156803.0611196,15,330.015625,3212.75
1785156803.0611196,15,334.921875,3397.75
1785156803.0611196,13,336.59375,3371.25
1785156803.283921,15,353.203125,6996.75
1785156803.283921,15,354.859375,7022.25
1785156803.283921,15,356.484375,7031.0
1785156803.283921,15,358.125,7077.5
1785156803.283921,15,359.78125,7123.75
1785156803.283921,15,1.421875,7162.75
1785156803.283921,15,3.046875,7210.25
1785156803.283921,15,4.703125,7258.25
1785156803.283921,15,7.984375,6944.25
1785156803.283921,15,9.640625,6805.0
1785156803.283921,15,11.21875,6821.5
1785156803.283921,15,12.828125,6959.25
1785156803.283921,15,23.4375,368.75
1785156803.283921,15,25.09375,367.0
1785156803.283921,15,26.515625,365.75
1785156803.283921,15,28.3125,366.5
1785156803.283921,15,29.625,372.75
1785156803.283921,15,48.21875,106.0
1785156803.283921,14,158.5,12795.5
1785156803.283921,15,166.71875,10969.5
1785156803.283921,15,168.359375,10946.75
1785156803.283921,15,170.0,10956.0
1785156803.283921,15,171.640625,10994.5
1785156803.283921,15,177.5,1332.75
1785156803.283921,15,179.1875,1302.5
1785156803.283921,15,189.0,1335.5
1785156803.283921,15,190.625,1352.75
1785156803.283921,15,192.25,1370.5
1785156803.283921,15,193.890625,1385.75
1785156803.283921,15,195.515625,1403.75
1785156803.283921,15,197.125,1424.5
1785156803.283921,15,198.734375,1445.0
1785156803.283921,15,200.421875,1461.75
1785156803.283921,15,229.390625,2703.5
1785156803.283921,5,232.6875,2569.0
1785156803.283921,15,234.3125,2506.0
1785156803.283921,9,235.953125,2455.0
1785156803.283921,15,237.625,2421.0
1785156803.283921,12,239.265625,2379.25
1785156803.283921,13,240.953125,2326.75
1785156803.283921,10,242.578125,2273.0
1785156803.283921,15,255.796875,2069.0
1785156803.283921,15,257.453125,2040.75
1785156803.283921,15,259.109375,2004.25
1785156803.283921,15,260.703125,1990.5
1785156803.283921,15,262.359375,1993.25
1785156803.283921,15,264.03125,1976.0
1785156803.283921,15,265.625,1962.0
1785156803.283921,15,283.703125,365.5
1785156803.283921,15,285.703125,358.0
1785156803.283921,15,287.296875,352.5
1785156803.283921,15,288.765625,349.0
1785156803.283921,15,290.390625,347.25
1785156803.283921,15,292.203125,347.5
1785156803.283921,15,295.46875,348.5
1785156803.283921,15,297.015625,347.75
1785156803.283921,15,298.484375,346.5
1785156803.283921,15,300.03125,345.75
1785156803.283921,15,302.15625,344.5
1785156803.283921,15,303.84375,346.25
1785156803.283921,15,306.546875,351.5
1785156803.5099647,15,352.578125,6906.75
1785156803.5099647,15,354.203125,7007.25
1785156803.5099647,15,355.859375,7036.25
1785156803.5099647,15,357.5,7071.25
1785156803.5099647,15,359.140625,7109.0
1785156803.5099647,15,0.78125,7153.25
1785156803.5099647,15,2.421875,7194.0
1785156803.5099647,15,4.0625,7231.75
1785156803.5099647,15,5.703125,7222.5
1785156803.5099647,15,7.34375,7134.0
1785156803.5099647,15,10.5625,6741.75
1785156803.5099647,15,12.1875,6854.25
1785156803.5099647,15,22.265625,386.0
1785156803.5099647,15,24.265625,383.5
1785156803.5099647,15,25.84375,383.0
1785156803.5099647,15,46.578125,106.5
1785156803.5099647,15,48.34375,104.75
1785156803.5099647,15,51.578125,101.75
1785156803.5099647,15,159.375,12873.5
1785156803.5099647,9,162.65625,12777.75
1785156803.5099647,15,164.3125,12717.75
1785156803.5099647,15,167.59375,10957.75
1785156803.5099647,15,169.234375,11039.5
1785156803.5099647,15,170.875,11042.25
1785156803.5099647,15,172.515625,10990.5
1785156803.5099647,15,180.046875,1297.75
1785156803.5099647,15,188.25,1329.5
1785156803.5099647,15,189.828125,1347.5
1785156803.5099647,15,191.453125,1364.0
1785156803.5099647,15,193.09375,1378.25
1785156803.5099647,15,194.71875,1393.5
1785156803.5099647,15,196.359375,1412.5
1785156803.5099647,15,197.96875,1433.5
1785156803.5099647,15,199.5625,1451.75
1785156803.5099647,7,230.21875,2680.75
1785156803.5099647,8,231.84375,2621.75
1785156803.5099647,11,233.546875,2549.25
1785156803.5099647,7,235.171875,2485.25
1785156803.5099647,15,236.8125,2436.5
1785156803.5099647,14,238.484375,2402.0
1785156803.5099647,10,240.140625,2360.25
1785156803.5099647,12,241.78125,2298.0
1785156803.5099647,10,243.421875,2259.0
1785156803.5099647,15,256.546875,2057.0
1785156803.5099647,15,258.21875,2027.0
1785156803.5099647,15,259.859375,2003.75
1785156803.5099647,15,261.5,1997.75
1785156803.5099647,15,263.15625,1982.75
1785156803.5099647,15,264.8125,1962.25
1785156803.5099647,15,266.390625,1960.75
1785156803.5099647,15,283.078125,370.0
1785156803.5099647,15,284.6875,361.5
1785156803.5099647,15,285.96875,354.5
1785156803.5099647,15,287.6875,350.25
1785156803.5099647,15,289.390625,347.75
1785156803.5099647,15,291.4375,346.75
1785156803.5099647,15,292.609375,347.25
1785156803.5099647,15,296.25,347.5
1785156803.5099647,15,297.90625,346.5
1785156803.5099647,15,299.359375,345.75
1785156803.5099647,15,301.21875,345.0
1785156803.5099647,15,302.9375,344.25
1785156803.5099647,15,304.609375,344.75
1785156803.5099647,15,309.109375,361.5
1785156803.5099647,15,315.1875,398.75
1785156803.5099647,14,330.15625,3252.5
1785156803.5099647,15,335.046875,3425.0
1785156803.5099647,13,336.71875,3380.25
